# Type: scattered data
# Version: 6
# Description: No description
# Format: free
# Field: 1 x
# Field: 2 y
# Field: 3 z meters
# Field: 4 column
# Field: 5 row
# Projection: Local Rectangular
# Units: meters
# End:
# Information from grid:
# Grid_size: 88 x 35
# Grid_space: 300.000000,2040.000000,420.000000,1100.000000
# Scattered data: Not_available
# Z_field: z
# Vertical_faults: Not_available
# History: No history
# Z_units: meters
1600.000000 440.000000 47.000000 66 2
1620.000000 440.000000 46.312511 67 2
1640.000000 440.000000 46.749928 68 2
1660.000000 440.000000 46.312531 69 2
1680.000000 440.000000 45.963436 70 2
1700.000000 440.000000 45.396397 71 2
1720.000000 440.000000 45.562489 72 2
1740.000000 440.000000 45.687515 73 2
1760.000000 440.000000 45.812450 74 2
1780.000000 440.000000 45.375023 75 2
1800.000000 440.000000 45.500000 76 2
1820.000000 440.000000 45.499992 77 2
1840.000000 440.000000 45.375004 78 2
1580.000000 460.000000 46.687439 65 3
1600.000000 460.000000 46.624985 66 3
1620.000000 460.000000 46.687435 67 3
1640.000000 460.000000 46.312595 68 3
1660.000000 460.000000 46.249989 69 3
1680.000000 460.000000 46.249954 70 3
1700.000000 460.000000 45.481407 71 3
1720.000000 460.000000 45.624981 72 3
1740.000000 460.000000 45.312607 73 3
1760.000000 460.000000 45.812462 74 3
1780.000000 460.000000 45.562523 75 3
1800.000000 460.000000 45.500027 76 3
1820.000000 460.000000 45.500019 77 3
1840.000000 460.000000 45.437496 78 3
1860.000000 460.000000 44.500084 79 3
1580.000000 480.000000 46.249985 65 4
1600.000000 480.000000 45.750072 66 4
1620.000000 480.000000 46.000031 67 4
1640.000000 480.000000 45.999977 68 4
1660.000000 480.000000 45.999973 69 4
1680.000000 480.000000 45.562603 70 4
1700.000000 480.000000 45.312481 71 4
1720.000000 480.000000 45.125065 72 4
1740.000000 480.000000 45.624943 73 4
1760.000000 480.000000 46.249920 74 4
1780.000000 480.000000 46.000011 75 4
1800.000000 480.000000 45.937473 76 4
1820.000000 480.000000 45.999962 77 4
1840.000000 480.000000 46.062336 78 4
1860.000000 480.000000 45.437389 79 4
1560.000000 500.000000 45.812504 64 5
1580.000000 500.000000 45.687504 65 5
1600.000000 500.000000 45.624981 66 5
1620.000000 500.000000 45.499985 67 5
1640.000000 500.000000 45.250042 68 5
1660.000000 500.000000 45.562481 69 5
1680.000000 500.000000 45.624985 70 5
1700.000000 500.000000 45.499992 71 5
1720.000000 500.000000 45.374977 72 5
1740.000000 500.000000 45.874973 73 5
1760.000000 500.000000 46.121742 74 5
1780.000000 500.000000 46.062515 75 5
1800.000000 500.000000 46.062508 76 5
1820.000000 500.000000 46.000027 77 5
1840.000000 500.000000 46.062382 78 5
1860.000000 500.000000 43.451946 79 5
1260.000000 520.000000 47.625000 49 6
1280.000000 520.000000 47.250008 50 6
1300.000000 520.000000 47.375000 51 6
1320.000000 520.000000 47.812496 52 6
1340.000000 520.000000 47.500008 53 6
1360.000000 520.000000 47.125004 54 6
1380.000000 520.000000 46.999992 55 6
1400.000000 520.000000 46.875000 56 6
1420.000000 520.000000 47.062496 57 6
1440.000000 520.000000 46.562508 58 6
1460.000000 520.000000 46.187523 59 6
1480.000000 520.000000 46.187489 60 6
1500.000000 520.000000 46.250000 61 6
1520.000000 520.000000 46.249992 62 6
1540.000000 520.000000 46.125027 63 6
1560.000000 520.000000 46.187447 64 6
1580.000000 520.000000 45.750019 65 6
1600.000000 520.000000 45.624996 66 6
1620.000000 520.000000 45.312504 67 6
1640.000000 520.000000 45.312489 68 6
1660.000000 520.000000 45.562496 69 6
1680.000000 520.000000 45.687496 70 6
1700.000000 520.000000 45.562500 71 6
1720.000000 520.000000 45.500004 72 6
1740.000000 520.000000 46.062469 73 6
1760.000000 520.000000 46.062534 74 6
1780.000000 520.000000 45.999996 75 6
1800.000000 520.000000 46.000004 76 6
1820.000000 520.000000 45.937492 77 6
1840.000000 520.000000 45.937603 78 6
1860.000000 520.000000 45.937325 79 6
1880.000000 520.000000 45.750008 80 6
480.000000 540.000000 43.375000 10 7
500.000000 540.000000 43.750000 11 7
520.000000 540.000000 43.625004 12 7
540.000000 540.000000 44.124973 13 7
560.000000 540.000000 43.937538 14 7
580.000000 540.000000 43.937489 15 7
600.000000 540.000000 43.875000 16 7
620.000000 540.000000 43.875000 17 7
640.000000 540.000000 43.812500 18 7
660.000000 540.000000 43.812496 19 7
680.000000 540.000000 43.812496 20 7
700.000000 540.000000 43.687500 21 7
720.000000 540.000000 43.687496 22 7
740.000000 540.000000 43.625008 23 7
760.000000 540.000000 43.624996 24 7
780.000000 540.000000 43.562504 25 7
800.000000 540.000000 43.687504 26 7
820.000000 540.000000 44.437504 27 7
840.000000 540.000000 44.875042 28 7
860.000000 540.000000 46.374901 29 7
880.000000 540.000000 46.634880 30 7
900.000000 540.000000 47.500004 31 7
920.000000 540.000000 47.750011 32 7
940.000000 540.000000 47.999992 33 7
960.000000 540.000000 48.249996 34 7
980.000000 540.000000 48.500000 35 7
1000.000000 540.000000 48.641750 36 7
1020.000000 540.000000 48.499989 37 7
1040.000000 540.000000 48.062519 38 7
1060.000000 540.000000 48.062481 39 7
1080.000000 540.000000 47.937515 40 7
1100.000000 540.000000 48.187496 41 7
1120.000000 540.000000 48.187500 42 7
1140.000000 540.000000 48.062492 43 7
1160.000000 540.000000 47.687519 44 7
1180.000000 540.000000 47.687489 45 7
1200.000000 540.000000 47.687500 46 7
1220.000000 540.000000 47.625004 47 7
1240.000000 540.000000 47.937462 48 7
1260.000000 540.000000 47.562546 49 7
1280.000000 540.000000 47.374977 50 7
1300.000000 540.000000 47.187515 51 7
1320.000000 540.000000 47.812492 52 7
1340.000000 540.000000 48.249908 53 7
1360.000000 540.000000 47.250111 54 7
1380.000000 540.000000 47.187462 55 7
1400.000000 540.000000 47.062508 56 7
1420.000000 540.000000 47.187504 57 7
1440.000000 540.000000 46.500046 58 7
1460.000000 540.000000 46.437443 59 7
1480.000000 540.000000 46.250019 60 7
1500.000000 540.000000 46.374996 61 7
1520.000000 540.000000 46.437492 62 7
1540.000000 540.000000 46.499992 63 7
1560.000000 540.000000 46.499989 64 7
1580.000000 540.000000 46.062508 65 7
1600.000000 540.000000 45.812500 66 7
1620.000000 540.000000 45.687492 67 7
1640.000000 540.000000 45.500019 68 7
1660.000000 540.000000 45.687477 69 7
1680.000000 540.000000 45.687519 70 7
1700.000000 540.000000 45.812492 71 7
1720.000000 540.000000 45.562504 72 7
1740.000000 540.000000 46.000000 73 7
1760.000000 540.000000 46.249985 74 7
1780.000000 540.000000 46.125008 75 7
1800.000000 540.000000 46.187496 76 7
1820.000000 540.000000 46.187496 77 7
1840.000000 540.000000 46.250000 78 7
1860.000000 540.000000 46.250000 79 7
1880.000000 540.000000 46.125000 80 7
460.000000 560.000000 43.875000 9 8
480.000000 560.000000 44.499935 10 8
500.000000 560.000000 44.500027 11 8
520.000000 560.000000 44.312531 12 8
540.000000 560.000000 44.250061 13 8
560.000000 560.000000 44.062523 14 8
580.000000 560.000000 43.999981 15 8
600.000000 560.000000 43.937496 16 8
620.000000 560.000000 43.937519 17 8
640.000000 560.000000 43.937508 18 8
660.000000 560.000000 43.999981 19 8
680.000000 560.000000 43.812515 20 8
700.000000 560.000000 43.687508 21 8
720.000000 560.000000 43.625008 22 8
740.000000 560.000000 43.250061 23 8
760.000000 560.000000 43.374989 24 8
780.000000 560.000000 43.375011 25 8
800.000000 560.000000 43.437511 26 8
820.000000 560.000000 43.500065 27 8
840.000000 560.000000 45.249805 28 8
860.000000 560.000000 46.187542 29 8
880.000000 560.000000 47.124981 30 8
900.000000 560.000000 47.562515 31 8
920.000000 560.000000 47.874973 32 8
940.000000 560.000000 47.962509 33 8
960.000000 560.000000 48.005840 34 8
980.000000 560.000000 49.357563 35 8
1000.000000 560.000000 49.179001 36 8
1020.000000 560.000000 48.273785 37 8
1040.000000 560.000000 48.249874 38 8
1060.000000 560.000000 47.999943 39 8
1080.000000 560.000000 47.937523 40 8
1100.000000 560.000000 48.062500 41 8
1120.000000 560.000000 48.312435 42 8
1140.000000 560.000000 47.750057 43 8
1160.000000 560.000000 47.749962 44 8
1180.000000 560.000000 47.749985 45 8
1200.000000 560.000000 47.687500 46 8
1220.000000 560.000000 47.749969 47 8
1240.000000 560.000000 47.750031 48 8
1260.000000 560.000000 47.999947 49 8
1280.000000 560.000000 47.999977 50 8
1300.000000 560.000000 47.999969 51 8
1320.000000 560.000000 48.187496 52 8
1340.000000 560.000000 47.625141 53 8
1360.000000 560.000000 47.687428 54 8
1380.000000 560.000000 47.687431 55 8
1400.000000 560.000000 47.562443 56 8
1420.000000 560.000000 47.625000 57 8
1440.000000 560.000000 47.312462 58 8
1460.000000 560.000000 46.750053 59 8
1480.000000 560.000000 46.687496 60 8
1500.000000 560.000000 46.812496 61 8
1520.000000 560.000000 46.749996 62 8
1540.000000 560.000000 46.500042 63 8
1560.000000 560.000000 46.437496 64 8
1580.000000 560.000000 45.937550 65 8
1600.000000 560.000000 46.374920 66 8
1620.000000 560.000000 46.000031 67 8
1640.000000 560.000000 45.999973 68 8
1660.000000 560.000000 45.999996 69 8
1680.000000 560.000000 45.999996 70 8
1700.000000 560.000000 46.062504 71 8
1720.000000 560.000000 46.062477 72 8
1740.000000 560.000000 46.187504 73 8
1760.000000 560.000000 46.250011 74 8
1780.000000 560.000000 46.187508 75 8
1800.000000 560.000000 46.249996 76 8
1820.000000 560.000000 46.250011 77 8
1840.000000 560.000000 46.312508 78 8
1860.000000 560.000000 46.374996 79 8
1880.000000 560.000000 46.312508 80 8
440.000000 580.000000 44.875000 8 9
460.000000 580.000000 44.749874 9 9
480.000000 580.000000 44.875061 10 9
500.000000 580.000000 45.815723 11 9
520.000000 580.000000 45.749989 12 9
540.000000 580.000000 45.687443 13 9
560.000000 580.000000 45.187508 14 9
580.000000 580.000000 44.750057 15 9
600.000000 580.000000 44.562538 16 9
620.000000 580.000000 44.374905 17 9
640.000000 580.000000 44.249989 18 9
660.000000 580.000000 44.125019 19 9
680.000000 580.000000 43.875011 20 9
700.000000 580.000000 43.812500 21 9
720.000000 580.000000 43.750008 22 9
740.000000 580.000000 43.687424 23 9
760.000000 580.000000 43.437508 24 9
780.000000 580.000000 43.687462 25 9
800.000000 580.000000 43.749958 26 9
820.000000 580.000000 43.687439 27 9
840.000000 580.000000 43.334606 28 9
860.000000 580.000000 46.999779 29 9
880.000000 580.000000 47.437664 30 9
900.000000 580.000000 47.750027 31 9
920.000000 580.000000 47.875317 32 9
940.000000 580.000000 50.749531 33 9
960.000000 580.000000 50.999832 34 9
980.000000 580.000000 51.374905 35 9
1000.000000 580.000000 51.667004 36 9
1020.000000 580.000000 51.862709 37 9
1040.000000 580.000000 48.477402 38 9
1060.000000 580.000000 48.096397 39 9
1080.000000 580.000000 48.187450 40 9
1100.000000 580.000000 48.124981 41 9
1120.000000 580.000000 47.813896 42 9
1140.000000 580.000000 47.874973 43 9
1160.000000 580.000000 47.812519 44 9
1180.000000 580.000000 47.812531 45 9
1200.000000 580.000000 47.812515 46 9
1220.000000 580.000000 47.750046 47 9
1240.000000 580.000000 47.875008 48 9
1260.000000 580.000000 48.250000 49 9
1280.000000 580.000000 48.312569 50 9
1300.000000 580.000000 48.437527 51 9
1320.000000 580.000000 48.500053 52 9
1340.000000 580.000000 48.749958 53 9
1360.000000 580.000000 48.437626 54 9
1380.000000 580.000000 48.187691 55 9
1400.000000 580.000000 47.687710 56 9
1420.000000 580.000000 47.749920 57 9
1440.000000 580.000000 47.499981 58 9
1460.000000 580.000000 47.437420 59 9
1480.000000 580.000000 47.124977 60 9
1500.000000 580.000000 47.187481 61 9
1520.000000 580.000000 46.937523 62 9
1540.000000 580.000000 46.937439 63 9
1560.000000 580.000000 46.500023 64 9
1580.000000 580.000000 46.312466 65 9
1600.000000 580.000000 46.062569 66 9
1620.000000 580.000000 46.124989 67 9
1640.000000 580.000000 46.062515 68 9
1660.000000 580.000000 46.062508 69 9
1680.000000 580.000000 46.062504 70 9
1700.000000 580.000000 46.124996 71 9
1720.000000 580.000000 46.187519 72 9
1740.000000 580.000000 46.250004 73 9
1760.000000 580.000000 46.250011 74 9
1780.000000 580.000000 46.312496 75 9
1800.000000 580.000000 46.250015 76 9
1820.000000 580.000000 46.374989 77 9
1840.000000 580.000000 46.375011 78 9
1860.000000 580.000000 46.437500 79 9
1880.000000 580.000000 46.455868 80 9
440.000000 600.000000 45.182999 8 10
460.000000 600.000000 44.735874 9 10
480.000000 600.000000 45.046551 10 10
500.000000 600.000000 47.249954 11 10
520.000000 600.000000 47.187485 12 10
540.000000 600.000000 46.937500 13 10
560.000000 600.000000 46.625015 14 10
580.000000 600.000000 46.687454 15 10
600.000000 600.000000 46.499962 16 10
620.000000 600.000000 44.625080 17 10
640.000000 600.000000 44.624950 18 10
660.000000 600.000000 44.499989 19 10
680.000000 600.000000 44.187500 20 10
700.000000 600.000000 44.187489 21 10
720.000000 600.000000 44.187489 22 10
740.000000 600.000000 43.866642 23 10
760.000000 600.000000 43.866615 24 10
780.000000 600.000000 44.310497 25 10
800.000000 600.000000 44.310558 26 10
820.000000 600.000000 44.310547 27 10
840.000000 600.000000 46.085960 28 10
860.000000 600.000000 48.305668 29 10
880.000000 600.000000 49.193501 30 10
900.000000 600.000000 49.193565 31 10
920.000000 600.000000 49.637436 32 10
940.000000 600.000000 50.081596 33 10
960.000000 600.000000 50.998871 34 10
980.000000 600.000000 51.442822 35 10
1000.000000 600.000000 51.442829 36 10
1020.000000 600.000000 51.442875 37 10
1040.000000 600.000000 51.442547 38 10
1060.000000 600.000000 50.081429 39 10
1080.000000 600.000000 49.193550 40 10
1100.000000 600.000000 48.749695 41 10
1120.000000 600.000000 48.749638 42 10
1140.000000 600.000000 48.749668 43 10
1160.000000 600.000000 48.749668 44 10
1180.000000 600.000000 48.749660 45 10
1200.000000 600.000000 48.749641 46 10
1220.000000 600.000000 48.749645 47 10
1240.000000 600.000000 48.749641 48 10
1260.000000 600.000000 48.749699 49 10
1280.000000 600.000000 49.193531 50 10
1300.000000 600.000000 49.193573 51 10
1320.000000 600.000000 49.637436 52 10
1340.000000 600.000000 49.562618 53 10
1360.000000 600.000000 51.297054 54 10
1380.000000 600.000000 51.201866 55 10
1400.000000 600.000000 51.066257 56 10
1420.000000 600.000000 48.250076 57 10
1440.000000 600.000000 47.624981 58 10
1460.000000 600.000000 47.437492 59 10
1480.000000 600.000000 46.937550 60 10
1500.000000 600.000000 47.062519 61 10
1520.000000 600.000000 47.187492 62 10
1540.000000 600.000000 47.062485 63 10
1560.000000 600.000000 46.500053 64 10
1580.000000 600.000000 46.499977 65 10
1600.000000 600.000000 46.124977 66 10
1620.000000 600.000000 46.187496 67 10
1640.000000 600.000000 46.062508 68 10
1660.000000 600.000000 46.062485 69 10
1680.000000 600.000000 46.000004 70 10
1700.000000 600.000000 46.000004 71 10
1720.000000 600.000000 46.187492 72 10
1740.000000 600.000000 46.187515 73 10
1760.000000 600.000000 46.312489 74 10
1780.000000 600.000000 46.375000 75 10
1800.000000 600.000000 46.374989 76 10
1820.000000 600.000000 46.437496 77 10
1840.000000 600.000000 46.500008 78 10
1860.000000 600.000000 46.687473 79 10
1880.000000 600.000000 46.625019 80 10
1900.000000 600.000000 47.124966 81 10
420.000000 620.000000 47.124996 7 11
440.000000 620.000000 47.437435 8 11
460.000000 620.000000 47.812473 9 11
480.000000 620.000000 47.874966 10 11
500.000000 620.000000 47.875004 11 11
520.000000 620.000000 47.250015 12 11
540.000000 620.000000 47.124989 13 11
560.000000 620.000000 46.999996 14 11
580.000000 620.000000 46.937511 15 11
600.000000 620.000000 47.062492 16 11
620.000000 620.000000 46.562473 17 11
640.000000 620.000000 45.312527 18 11
660.000000 620.000000 44.375034 19 11
680.000000 620.000000 44.312489 20 11
700.000000 620.000000 44.375000 21 11
720.000000 620.000000 44.312500 22 11
740.000000 620.000000 45.198250 23 11
760.000000 620.000000 45.198395 24 11
780.000000 620.000000 45.642254 25 11
800.000000 620.000000 46.530075 26 11
820.000000 620.000000 46.973999 27 11
840.000000 620.000000 46.974030 28 11
860.000000 620.000000 47.417912 29 11
880.000000 620.000000 47.861904 30 11
900.000000 620.000000 49.637478 31 11
920.000000 620.000000 50.081406 32 11
940.000000 620.000000 50.081551 33 11
960.000000 620.000000 52.312283 34 11
980.000000 620.000000 52.375061 35 11
1000.000000 620.000000 52.000011 36 11
1020.000000 620.000000 52.125008 37 11
1040.000000 620.000000 51.886703 38 11
1060.000000 620.000000 51.442730 39 11
1080.000000 620.000000 50.998844 40 11
1100.000000 620.000000 50.998810 41 11
1120.000000 620.000000 50.998814 42 11
1140.000000 620.000000 50.998787 43 11
1160.000000 620.000000 50.554955 44 11
1180.000000 620.000000 50.554867 45 11
1200.000000 620.000000 50.081398 46 11
1220.000000 620.000000 50.081390 47 11
1240.000000 620.000000 50.081406 48 11
1260.000000 620.000000 50.081333 49 11
1280.000000 620.000000 49.637512 50 11
1300.000000 620.000000 50.081394 51 11
1320.000000 620.000000 50.081421 52 11
1340.000000 620.000000 50.081314 53 11
1360.000000 620.000000 49.637608 54 11
1380.000000 620.000000 49.637466 55 11
1400.000000 620.000000 49.193600 56 11
1420.000000 620.000000 49.193523 57 11
1440.000000 620.000000 48.749660 58 11
1460.000000 620.000000 48.305748 59 11
1480.000000 620.000000 47.861835 60 11
1500.000000 620.000000 47.861832 61 11
1520.000000 620.000000 47.861832 62 11
1540.000000 620.000000 47.417908 63 11
1560.000000 620.000000 46.530148 64 11
1580.000000 620.000000 46.530060 65 11
1600.000000 620.000000 46.187504 66 11
1620.000000 620.000000 46.249996 67 11
1640.000000 620.000000 46.062515 68 11
1660.000000 620.000000 46.124981 69 11
1680.000000 620.000000 46.062508 70 11
1700.000000 620.000000 46.062500 71 11
1720.000000 620.000000 46.125004 72 11
1740.000000 620.000000 46.187496 73 11
1760.000000 620.000000 46.250000 74 11
1780.000000 620.000000 46.250000 75 11
1800.000000 620.000000 46.187504 76 11
1820.000000 620.000000 46.312500 77 11
1840.000000 620.000000 46.562496 78 11
1860.000000 620.000000 46.875011 79 11
1880.000000 620.000000 47.124981 80 11
1900.000000 620.000000 47.000011 81 11
400.000000 640.000000 47.749985 6 12
420.000000 640.000000 47.874981 7 12
440.000000 640.000000 48.312462 8 12
460.000000 640.000000 48.000076 9 12
480.000000 640.000000 47.937492 10 12
500.000000 640.000000 47.812504 11 12
520.000000 640.000000 47.624989 12 12
540.000000 640.000000 47.250031 13 12
560.000000 640.000000 47.187431 14 12
580.000000 640.000000 46.530113 15 12
600.000000 640.000000 46.530102 16 12
620.000000 640.000000 46.530087 17 12
640.000000 640.000000 45.642281 18 12
660.000000 640.000000 45.198311 19 12
680.000000 640.000000 45.198326 20 12
700.000000 640.000000 45.198353 21 12
720.000000 640.000000 45.198345 22 12
740.000000 640.000000 45.642277 23 12
760.000000 640.000000 46.086239 24 12
780.000000 640.000000 47.417892 25 12
800.000000 640.000000 48.305733 26 12
820.000000 640.000000 48.305756 27 12
840.000000 640.000000 48.749607 28 12
860.000000 640.000000 49.193600 29 12
880.000000 640.000000 50.081367 30 12
900.000000 640.000000 50.998829 31 12
920.000000 640.000000 51.442722 32 12
940.000000 640.000000 52.774323 33 12
960.000000 640.000000 53.218487 34 12
980.000000 640.000000 53.218403 35 12
1000.000000 640.000000 53.218376 36 12
1020.000000 640.000000 53.218395 37 12
1040.000000 640.000000 53.218391 38 12
1060.000000 640.000000 53.218399 39 12
1080.000000 640.000000 53.218357 40 12
1100.000000 640.000000 52.330578 41 12
1120.000000 640.000000 52.330578 42 12
1140.000000 640.000000 51.886631 43 12
1160.000000 640.000000 50.554970 44 12
1180.000000 640.000000 50.081387 45 12
1200.000000 640.000000 50.081409 46 12
1220.000000 640.000000 50.081406 47 12
1240.000000 640.000000 50.081406 48 12
1260.000000 640.000000 50.081425 49 12
1280.000000 640.000000 50.081394 50 12
1300.000000 640.000000 50.081413 51 12
1320.000000 640.000000 50.081406 52 12
1340.000000 640.000000 50.081413 53 12
1360.000000 640.000000 50.081379 54 12
1380.000000 640.000000 50.081402 55 12
1400.000000 640.000000 50.081390 56 12
1420.000000 640.000000 50.081402 57 12
1440.000000 640.000000 50.081398 58 12
1460.000000 640.000000 50.081406 59 12
1480.000000 640.000000 50.081394 60 12
1500.000000 640.000000 50.081390 61 12
1520.000000 640.000000 49.637493 62 12
1540.000000 640.000000 49.637436 63 12
1560.000000 640.000000 48.749645 64 12
1580.000000 640.000000 47.861839 65 12
1600.000000 640.000000 47.861813 66 12
1620.000000 640.000000 46.187550 67 12
1640.000000 640.000000 46.124958 68 12
1660.000000 640.000000 46.187500 69 12
1680.000000 640.000000 46.125000 70 12
1700.000000 640.000000 46.062500 71 12
1720.000000 640.000000 46.249992 72 12
1740.000000 640.000000 46.187515 73 12
1760.000000 640.000000 46.312489 74 12
1780.000000 640.000000 46.375004 75 12
1800.000000 640.000000 46.437496 76 12
1820.000000 640.000000 46.437508 77 12
1840.000000 640.000000 46.687481 78 12
1860.000000 640.000000 46.875046 79 12
400.000000 660.000000 48.124973 6 13
420.000000 660.000000 48.000050 7 13
440.000000 660.000000 48.375004 8 13
460.000000 660.000000 48.062550 9 13
480.000000 660.000000 47.999985 10 13
500.000000 660.000000 47.937496 11 13
520.000000 660.000000 47.562515 12 13
540.000000 660.000000 47.437477 13 13
560.000000 660.000000 47.374996 14 13
580.000000 660.000000 47.374943 15 13
600.000000 660.000000 47.499950 16 13
620.000000 660.000000 47.499973 17 13
640.000000 660.000000 47.312431 18 13
660.000000 660.000000 47.499950 19 13
680.000000 660.000000 48.437370 20 13
700.000000 660.000000 48.374943 21 13
720.000000 660.000000 48.619869 22 13
740.000000 660.000000 49.124874 23 13
760.000000 660.000000 49.437401 24 13
780.000000 660.000000 49.749981 25 13
800.000000 660.000000 50.000000 26 13
820.000000 660.000000 50.249943 27 13
840.000000 660.000000 50.624928 28 13
860.000000 660.000000 50.874973 29 13
880.000000 660.000000 50.312721 30 13
900.000000 660.000000 50.812527 31 13
920.000000 660.000000 51.062515 32 13
940.000000 660.000000 52.250000 33 13
960.000000 660.000000 52.125130 34 13
980.000000 660.000000 52.062519 35 13
1000.000000 660.000000 52.187538 36 13
1020.000000 660.000000 52.000080 37 13
1040.000000 660.000000 52.062588 38 13
1060.000000 660.000000 52.375015 39 13
1080.000000 660.000000 51.886784 40 13
1100.000000 660.000000 51.886623 41 13
1120.000000 660.000000 51.886673 42 13
1140.000000 660.000000 51.442841 43 13
1160.000000 660.000000 50.998878 44 13
1180.000000 660.000000 50.998798 45 13
1200.000000 660.000000 50.998749 46 13
1220.000000 660.000000 50.998802 47 13
1240.000000 660.000000 50.998798 48 13
1260.000000 660.000000 50.998795 49 13
1280.000000 660.000000 50.998795 50 13
1300.000000 660.000000 50.998787 51 13
1320.000000 660.000000 50.999962 52 13
1340.000000 660.000000 50.999992 53 13
1360.000000 660.000000 51.374920 54 13
1380.000000 660.000000 51.374973 55 13
1400.000000 660.000000 51.624947 56 13
1420.000000 660.000000 51.886593 57 13
1440.000000 660.000000 51.886631 58 13
1460.000000 660.000000 51.886631 59 13
1480.000000 660.000000 51.442806 60 13
1500.000000 660.000000 50.998920 61 13
1520.000000 660.000000 50.554974 62 13
1540.000000 660.000000 50.554943 63 13
1560.000000 660.000000 49.193760 64 13
1580.000000 660.000000 48.749584 65 13
1600.000000 660.000000 48.749424 66 13
1620.000000 660.000000 47.861641 67 13
1640.000000 660.000000 46.562599 68 13
1660.000000 660.000000 46.499992 69 13
1680.000000 660.000000 46.375011 70 13
1700.000000 660.000000 46.374996 71 13
1720.000000 660.000000 46.437500 72 13
1740.000000 660.000000 46.312527 73 13
1760.000000 660.000000 46.375008 74 13
1780.000000 660.000000 46.437504 75 13
1800.000000 660.000000 46.562492 76 13
1820.000000 660.000000 46.499962 77 13
1840.000000 660.000000 46.937431 78 13
1860.000000 660.000000 46.965866 79 13
400.000000 680.000000 48.000011 6 14
420.000000 680.000000 48.249969 7 14
440.000000 680.000000 48.624943 8 14
460.000000 680.000000 48.312500 9 14
480.000000 680.000000 48.249966 10 14
500.000000 680.000000 48.187477 11 14
520.000000 680.000000 47.687511 12 14
540.000000 680.000000 47.562492 13 14
560.000000 680.000000 47.500019 14 14
580.000000 680.000000 47.437561 15 14
600.000000 680.000000 47.562553 16 14
620.000000 680.000000 47.625031 17 14
640.000000 680.000000 47.625050 18 14
660.000000 680.000000 47.625137 19 14
680.000000 680.000000 48.625034 20 14
700.000000 680.000000 48.812553 21 14
720.000000 680.000000 49.125076 22 14
740.000000 680.000000 49.250153 23 14
760.000000 680.000000 49.437634 24 14
780.000000 680.000000 49.812550 25 14
800.000000 680.000000 50.125019 26 14
820.000000 680.000000 50.375027 27 14
840.000000 680.000000 50.187687 28 14
860.000000 680.000000 50.750046 29 14
880.000000 680.000000 52.062172 30 14
900.000000 680.000000 51.561043 31 14
920.000000 680.000000 51.340828 32 14
940.000000 680.000000 52.298374 33 14
960.000000 680.000000 52.054508 34 14
980.000000 680.000000 51.812466 35 14
1000.000000 680.000000 51.874947 36 14
1020.000000 680.000000 51.999905 37 14
1040.000000 680.000000 52.437386 38 14
1060.000000 680.000000 52.312447 39 14
1080.000000 680.000000 52.062393 40 14
1100.000000 680.000000 51.886742 41 14
1120.000000 680.000000 51.886681 42 14
1140.000000 680.000000 52.330395 43 14
1160.000000 680.000000 52.774273 44 14
1180.000000 680.000000 52.774391 45 14
1200.000000 680.000000 51.442860 46 14
1220.000000 680.000000 51.442734 47 14
1240.000000 680.000000 51.442711 48 14
1260.000000 680.000000 50.998894 49 14
1280.000000 680.000000 51.000023 50 14
1300.000000 680.000000 51.000034 51 14
1320.000000 680.000000 51.062557 52 14
1340.000000 680.000000 51.250027 53 14
1360.000000 680.000000 51.437546 54 14
1380.000000 680.000000 51.437572 55 14
1400.000000 680.000000 51.562588 56 14
1420.000000 680.000000 51.750072 57 14
1440.000000 680.000000 51.875092 58 14
1460.000000 680.000000 52.125042 59 14
1480.000000 680.000000 52.374939 60 14
1500.000000 680.000000 52.499889 61 14
1520.000000 680.000000 52.312401 62 14
1540.000000 680.000000 52.562313 63 14
1560.000000 680.000000 51.250011 64 14
1580.000000 680.000000 50.440613 65 14
1600.000000 680.000000 47.418484 66 14
1620.000000 680.000000 46.974422 67 14
1640.000000 680.000000 46.374966 68 14
1660.000000 680.000000 46.312370 69 14
1680.000000 680.000000 46.250053 70 14
1700.000000 680.000000 46.312508 71 14
1720.000000 680.000000 46.250031 72 14
1740.000000 680.000000 46.562454 73 14
1760.000000 680.000000 46.500011 74 14
1780.000000 680.000000 46.562485 75 14
1800.000000 680.000000 46.562511 76 14
380.000000 700.000000 47.624996 5 15
400.000000 700.000000 47.812500 6 15
420.000000 700.000000 48.125011 7 15
440.000000 700.000000 48.187542 8 15
460.000000 700.000000 48.125008 9 15
480.000000 700.000000 48.062511 10 15
500.000000 700.000000 48.000015 11 15
520.000000 700.000000 47.875000 12 15
540.000000 700.000000 47.749992 13 15
560.000000 700.000000 47.562511 14 15
580.000000 700.000000 47.562485 15 15
600.000000 700.000000 47.687481 16 15
620.000000 700.000000 47.624996 17 15
640.000000 700.000000 47.687481 18 15
660.000000 700.000000 47.812424 19 15
680.000000 700.000000 47.874992 20 15
700.000000 700.000000 47.937527 21 15
720.000000 700.000000 48.312477 22 15
740.000000 700.000000 48.937431 23 15
760.000000 700.000000 49.062523 24 15
780.000000 700.000000 49.562466 25 15
800.000000 700.000000 49.749989 26 15
820.000000 700.000000 49.875011 27 15
840.000000 700.000000 50.562469 28 15
860.000000 700.000000 51.499882 29 15
880.000000 700.000000 51.187641 30 15
900.000000 700.000000 51.198017 31 15
920.000000 700.000000 52.330540 32 15
940.000000 700.000000 52.330647 33 15
960.000000 700.000000 52.330574 34 15
980.000000 700.000000 52.330563 35 15
1000.000000 700.000000 52.062508 36 15
1020.000000 700.000000 52.062523 37 15
1040.000000 700.000000 52.437519 38 15
1060.000000 700.000000 52.499962 39 15
1080.000000 700.000000 51.812592 40 15
1100.000000 700.000000 52.999931 41 15
1120.000000 700.000000 53.062477 42 15
1140.000000 700.000000 52.187572 43 15
1160.000000 700.000000 51.687630 44 15
1180.000000 700.000000 52.187527 45 15
1200.000000 700.000000 52.000008 46 15
1220.000000 700.000000 51.500008 47 15
1240.000000 700.000000 51.249992 48 15
1260.000000 700.000000 50.750053 49 15
1280.000000 700.000000 50.937481 50 15
1300.000000 700.000000 50.937500 51 15
1320.000000 700.000000 51.312473 52 15
1340.000000 700.000000 51.312511 53 15
1360.000000 700.000000 51.562462 54 15
1380.000000 700.000000 51.562496 55 15
1400.000000 700.000000 51.749966 56 15
1420.000000 700.000000 51.632744 57 15
1440.000000 700.000000 52.187424 58 15
1460.000000 700.000000 52.312500 59 15
1480.000000 700.000000 52.375011 60 15
1500.000000 700.000000 52.500031 61 15
1520.000000 700.000000 52.437531 62 15
1540.000000 700.000000 52.500019 63 15
1560.000000 700.000000 51.750141 64 15
1580.000000 700.000000 52.385471 65 15
1600.000000 700.000000 52.338722 66 15
1620.000000 700.000000 51.929367 67 15
1640.000000 700.000000 46.437756 68 15
1660.000000 700.000000 45.937309 69 15
1680.000000 700.000000 46.062531 70 15
1700.000000 700.000000 46.074917 71 15
1720.000000 700.000000 46.124989 72 15
1740.000000 700.000000 46.250019 73 15
1760.000000 700.000000 46.562466 74 15
1780.000000 700.000000 46.687473 75 15
1800.000000 700.000000 46.712887 76 15
360.000000 720.000000 47.625000 4 16
380.000000 720.000000 47.500015 5 16
400.000000 720.000000 47.874996 6 16
420.000000 720.000000 48.125000 7 16
440.000000 720.000000 48.312473 8 16
460.000000 720.000000 48.062531 9 16
480.000000 720.000000 48.062485 10 16
500.000000 720.000000 48.000000 11 16
520.000000 720.000000 47.937500 12 16
540.000000 720.000000 47.750011 13 16
560.000000 720.000000 47.624989 14 16
580.000000 720.000000 47.500000 15 16
600.000000 720.000000 47.500004 16 16
620.000000 720.000000 47.625000 17 16
640.000000 720.000000 47.437508 18 16
660.000000 720.000000 47.437546 19 16
680.000000 720.000000 48.062500 20 16
700.000000 720.000000 48.437496 21 16
720.000000 720.000000 47.937531 22 16
740.000000 720.000000 48.187576 23 16
760.000000 720.000000 49.374893 24 16
780.000000 720.000000 49.562534 25 16
800.000000 720.000000 49.687504 26 16
820.000000 720.000000 50.437489 27 16
840.000000 720.000000 50.812584 28 16
860.000000 720.000000 52.330448 29 16
880.000000 720.000000 52.330620 30 16
900.000000 720.000000 52.774471 31 16
920.000000 720.000000 53.218403 32 16
940.000000 720.000000 53.662277 33 16
960.000000 720.000000 53.662327 34 16
980.000000 720.000000 53.662289 35 16
1000.000000 720.000000 53.218399 36 16
1020.000000 720.000000 53.218395 37 16
1040.000000 720.000000 52.812553 38 16
1060.000000 720.000000 52.812458 39 16
1080.000000 720.000000 52.187527 40 16
1100.000000 720.000000 52.562500 41 16
1120.000000 720.000000 52.937481 42 16
1140.000000 720.000000 53.374859 43 16
1160.000000 720.000000 51.937603 44 16
1180.000000 720.000000 51.624992 45 16
1200.000000 720.000000 52.437485 46 16
1220.000000 720.000000 51.562511 47 16
1240.000000 720.000000 51.374989 48 16
1260.000000 720.000000 51.250000 49 16
1280.000000 720.000000 51.437489 50 16
1300.000000 720.000000 51.437496 51 16
1320.000000 720.000000 51.375011 52 16
1340.000000 720.000000 51.375004 53 16
1360.000000 720.000000 51.562496 54 16
1380.000000 720.000000 51.625000 55 16
1400.000000 720.000000 51.625004 56 16
1420.000000 720.000000 51.750000 57 16
1440.000000 720.000000 52.125000 58 16
1460.000000 720.000000 52.250019 59 16
1480.000000 720.000000 52.437496 60 16
1500.000000 720.000000 52.500004 61 16
1520.000000 720.000000 52.312508 62 16
1540.000000 720.000000 51.875072 63 16
1560.000000 720.000000 52.062424 64 16
1580.000000 720.000000 52.250027 65 16
1600.000000 720.000000 52.374981 66 16
1620.000000 720.000000 46.830330 67 16
1640.000000 720.000000 46.446968 68 16
1660.000000 720.000000 46.187553 69 16
1680.000000 720.000000 45.875019 70 16
1700.000000 720.000000 45.812500 71 16
1720.000000 720.000000 45.875000 72 16
1740.000000 720.000000 45.999985 73 16
1760.000000 720.000000 46.125027 74 16
1780.000000 720.000000 46.596500 75 16
1800.000000 720.000000 46.750629 76 16
1820.000000 720.000000 51.562462 77 16
1840.000000 720.000000 51.312607 78 16
1860.000000 720.000000 51.312485 79 16
1880.000000 720.000000 51.687481 80 16
1900.000000 720.000000 51.125008 81 16
1920.000000 720.000000 51.874989 82 16
1940.000000 720.000000 51.874996 83 16
1960.000000 720.000000 51.750061 84 16
1980.000000 720.000000 52.562462 85 16
340.000000 740.000000 47.875000 3 17
360.000000 740.000000 47.562572 4 17
380.000000 740.000000 47.687473 5 17
400.000000 740.000000 47.750004 6 17
420.000000 740.000000 47.999996 7 17
440.000000 740.000000 48.187515 8 17
460.000000 740.000000 48.312473 9 17
480.000000 740.000000 48.187504 10 17
500.000000 740.000000 48.125000 11 17
520.000000 740.000000 47.989693 12 17
540.000000 740.000000 48.062469 13 17
560.000000 740.000000 47.750027 14 17
580.000000 740.000000 47.624989 15 17
600.000000 740.000000 47.625004 16 17
620.000000 740.000000 47.812504 17 17
640.000000 740.000000 47.999943 18 17
660.000000 740.000000 47.687614 19 17
680.000000 740.000000 48.874939 20 17
700.000000 740.000000 49.062496 21 17
720.000000 740.000000 48.812492 22 17
740.000000 740.000000 49.374931 23 17
760.000000 740.000000 49.625046 24 17
780.000000 740.000000 49.749996 25 17
800.000000 740.000000 49.687504 26 17
820.000000 740.000000 50.236794 27 17
840.000000 740.000000 50.624966 28 17
860.000000 740.000000 51.000027 29 17
880.000000 740.000000 51.100864 30 17
900.000000 740.000000 52.344048 31 17
920.000000 740.000000 56.124878 32 17
940.000000 740.000000 56.000034 33 17
960.000000 740.000000 55.187611 34 17
980.000000 740.000000 55.999928 35 17
1000.000000 740.000000 55.825382 36 17
1020.000000 740.000000 55.814610 37 17
1040.000000 740.000000 56.347252 38 17
1060.000000 740.000000 54.698643 39 17
1080.000000 740.000000 52.500023 40 17
1100.000000 740.000000 53.062500 41 17
1120.000000 740.000000 53.312500 42 17
1140.000000 740.000000 53.125027 43 17
1160.000000 740.000000 52.187496 44 17
1180.000000 740.000000 51.749989 45 17
1200.000000 740.000000 52.437508 46 17
1220.000000 740.000000 51.624996 47 17
1240.000000 740.000000 51.499989 48 17
1260.000000 740.000000 51.437508 49 17
1280.000000 740.000000 51.500000 50 17
1300.000000 740.000000 51.437504 51 17
1320.000000 740.000000 51.564865 52 17
1340.000000 740.000000 51.750011 53 17
1360.000000 740.000000 52.124947 54 17
1380.000000 740.000000 51.812511 55 17
1400.000000 740.000000 51.625008 56 17
1420.000000 740.000000 51.687500 57 17
1440.000000 740.000000 52.249969 58 17
1460.000000 740.000000 52.312519 59 17
1480.000000 740.000000 52.375000 60 17
1500.000000 740.000000 52.562496 61 17
1520.000000 740.000000 52.404163 62 17
1540.000000 740.000000 52.000000 63 17
1560.000000 740.000000 52.062508 64 17
1580.000000 740.000000 52.312473 65 17
1600.000000 740.000000 51.442764 66 17
1620.000000 740.000000 50.081299 67 17
1640.000000 740.000000 46.283264 68 17
1660.000000 740.000000 45.749916 69 17
1680.000000 740.000000 45.812534 70 17
1700.000000 740.000000 45.687511 71 17
1720.000000 740.000000 45.812515 72 17
1740.000000 740.000000 45.687523 73 17
1760.000000 740.000000 45.851662 74 17
1780.000000 740.000000 46.459473 75 17
1800.000000 740.000000 47.091991 76 17
1820.000000 740.000000 51.687489 77 17
1840.000000 740.000000 51.437592 78 17
1860.000000 740.000000 51.499905 79 17
1880.000000 740.000000 51.375004 80 17
1900.000000 740.000000 51.124996 81 17
1920.000000 740.000000 51.687492 82 17
1940.000000 740.000000 52.062519 83 17
1960.000000 740.000000 52.624908 84 17
1980.000000 740.000000 52.562500 85 17
320.000000 760.000000 47.375038 2 18
340.000000 760.000000 47.750011 3 18
360.000000 760.000000 47.750008 4 18
380.000000 760.000000 47.687496 5 18
400.000000 760.000000 47.750011 6 18
420.000000 760.000000 47.812500 7 18
440.000000 760.000000 47.937500 8 18
460.000000 760.000000 47.875034 9 18
480.000000 760.000000 47.875004 10 18
500.000000 760.000000 47.875015 11 18
520.000000 760.000000 47.875000 12 18
540.000000 760.000000 48.062500 13 18
560.000000 760.000000 48.062496 14 18
580.000000 760.000000 47.875031 15 18
600.000000 760.000000 48.124966 16 18
620.000000 760.000000 48.187508 17 18
640.000000 760.000000 48.375015 18 18
660.000000 760.000000 48.687466 19 18
680.000000 760.000000 49.249992 20 18
700.000000 760.000000 49.000038 21 18
720.000000 760.000000 48.625011 22 18
740.000000 760.000000 49.637402 23 18
760.000000 760.000000 49.637547 24 18
780.000000 760.000000 49.637505 25 18
800.000000 760.000000 49.637508 26 18
820.000000 760.000000 50.081387 27 18
840.000000 760.000000 50.554867 28 18
860.000000 760.000000 50.998772 29 18
880.000000 760.000000 51.886581 30 18
900.000000 760.000000 53.218643 31 18
920.000000 760.000000 54.106575 32 18
940.000000 760.000000 54.994106 33 18
960.000000 760.000000 54.994118 34 18
980.000000 760.000000 55.438046 35 18
1000.000000 760.000000 55.438049 36 18
1020.000000 760.000000 55.438061 37 18
1040.000000 760.000000 55.438103 38 18
1060.000000 760.000000 55.437843 39 18
1080.000000 760.000000 53.750015 40 18
1100.000000 760.000000 53.312538 41 18
1120.000000 760.000000 52.375153 42 18
1140.000000 760.000000 52.437473 43 18
1160.000000 760.000000 52.374931 44 18
1180.000000 760.000000 52.374962 45 18
1200.000000 760.000000 52.749992 46 18
1220.000000 760.000000 52.812416 47 18
1240.000000 760.000000 51.937565 48 18
1260.000000 760.000000 51.500053 49 18
1280.000000 760.000000 51.562519 50 18
1300.000000 760.000000 51.562500 51 18
1320.000000 760.000000 51.687508 52 18
1340.000000 760.000000 51.937477 53 18
1360.000000 760.000000 52.187485 54 18
1380.000000 760.000000 51.875042 55 18
1400.000000 760.000000 51.812462 56 18
1420.000000 760.000000 51.562546 57 18
1440.000000 760.000000 52.312447 58 18
1460.000000 760.000000 52.375004 59 18
1480.000000 760.000000 52.374985 60 18
1500.000000 760.000000 52.375015 61 18
1520.000000 760.000000 52.250000 62 18
1540.000000 760.000000 52.187473 63 18
1560.000000 760.000000 52.249992 64 18
1580.000000 760.000000 52.375019 65 18
1600.000000 760.000000 52.774345 66 18
1620.000000 760.000000 47.862495 67 18
1640.000000 760.000000 47.417843 68 18
1660.000000 760.000000 46.530327 69 18
1680.000000 760.000000 46.530323 70 18
1700.000000 760.000000 46.530277 71 18
1720.000000 760.000000 45.816898 72 18
1740.000000 760.000000 45.724895 73 18
1760.000000 760.000000 45.888268 74 18
1780.000000 760.000000 51.999367 75 18
1800.000000 760.000000 52.187389 76 18
1820.000000 760.000000 52.000248 77 18
1840.000000 760.000000 51.624985 78 18
1860.000000 760.000000 51.499966 79 18
1880.000000 760.000000 51.499989 80 18
1900.000000 760.000000 50.555042 81 18
1920.000000 760.000000 50.554947 82 18
1940.000000 760.000000 50.554985 83 18
1960.000000 760.000000 50.555099 84 18
1980.000000 760.000000 51.442753 85 18
320.000000 780.000000 46.937531 2 19
340.000000 780.000000 47.749947 3 19
360.000000 780.000000 47.875004 4 19
380.000000 780.000000 47.687531 5 19
400.000000 780.000000 47.937462 6 19
420.000000 780.000000 47.750019 7 19
440.000000 780.000000 47.812496 8 19
460.000000 780.000000 47.937462 9 19
480.000000 780.000000 47.812508 10 19
500.000000 780.000000 47.937485 11 19
520.000000 780.000000 48.000011 12 19
540.000000 780.000000 48.249977 13 19
560.000000 780.000000 48.187538 14 19
580.000000 780.000000 48.562435 15 19
600.000000 780.000000 48.312523 16 19
620.000000 780.000000 48.437496 17 19
640.000000 780.000000 48.562534 18 19
660.000000 780.000000 49.062481 19 19
680.000000 780.000000 49.312515 20 19
700.000000 780.000000 49.187477 21 19
720.000000 780.000000 48.437546 22 19
740.000000 780.000000 48.937592 23 19
760.000000 780.000000 49.937382 24 19
780.000000 780.000000 49.812469 25 19
800.000000 780.000000 50.249958 26 19
820.000000 780.000000 50.312523 27 19
840.000000 780.000000 50.750000 28 19
860.000000 780.000000 51.125034 29 19
880.000000 780.000000 51.344521 30 19
900.000000 780.000000 56.249393 31 19
920.000000 780.000000 56.124641 32 19
940.000000 780.000000 55.999752 33 19
960.000000 780.000000 55.749840 34 19
980.000000 780.000000 56.062286 35 19
1000.000000 780.000000 55.874844 36 19
1020.000000 780.000000 55.812328 37 19
1040.000000 780.000000 55.749947 38 19
1060.000000 780.000000 54.875183 39 19
1080.000000 780.000000 54.499958 40 19
1100.000000 780.000000 53.749981 41 19
1120.000000 780.000000 53.624840 42 19
1140.000000 780.000000 52.312626 43 19
1160.000000 780.000000 52.437489 44 19
1180.000000 780.000000 52.312592 45 19
1200.000000 780.000000 52.625008 46 19
1220.000000 780.000000 52.750065 47 19
1240.000000 780.000000 51.937618 48 19
1260.000000 780.000000 52.812260 49 19
1280.000000 780.000000 52.374985 50 19
1300.000000 780.000000 52.187492 51 19
1320.000000 780.000000 52.187481 52 19
1340.000000 780.000000 51.812580 53 19
1360.000000 780.000000 51.875050 54 19
1380.000000 780.000000 52.249939 55 19
1400.000000 780.000000 51.750080 56 19
1420.000000 780.000000 51.937439 57 19
1440.000000 780.000000 52.062534 58 19
1460.000000 780.000000 52.062542 59 19
1480.000000 780.000000 52.062531 60 19
1500.000000 780.000000 52.249985 61 19
1520.000000 780.000000 52.125000 62 19
1540.000000 780.000000 52.125011 63 19
1560.000000 780.000000 52.312481 64 19
1580.000000 780.000000 52.499981 65 19
1600.000000 780.000000 52.774555 66 19
1620.000000 780.000000 52.773838 67 19
1640.000000 780.000000 52.774128 68 19
1660.000000 780.000000 53.217972 69 19
1680.000000 780.000000 53.661797 70 19
1700.000000 780.000000 53.661846 71 19
1720.000000 780.000000 53.661720 72 19
1740.000000 780.000000 53.661793 73 19
1760.000000 780.000000 53.661934 74 19
1780.000000 780.000000 53.662613 75 19
1800.000000 780.000000 53.218529 76 19
1820.000000 780.000000 53.218227 77 19
1840.000000 780.000000 52.187489 78 19
1860.000000 780.000000 51.812504 79 19
1880.000000 780.000000 51.812500 80 19
1900.000000 780.000000 51.874859 81 19
1920.000000 780.000000 50.874939 82 19
1940.000000 780.000000 51.312328 83 19
1960.000000 780.000000 51.499912 84 19
1980.000000 780.000000 52.312359 85 19
2000.000000 780.000000 52.374905 86 19
2020.000000 780.000000 52.374916 87 19
340.000000 800.000000 47.749977 3 20
360.000000 800.000000 47.687565 4 20
380.000000 800.000000 47.937473 5 20
400.000000 800.000000 47.875008 6 20
420.000000 800.000000 47.874996 7 20
440.000000 800.000000 47.875000 8 20
460.000000 800.000000 47.937500 9 20
480.000000 800.000000 47.937500 10 20
500.000000 800.000000 48.062500 11 20
520.000000 800.000000 48.374992 12 20
540.000000 800.000000 48.437496 13 20
560.000000 800.000000 48.250050 14 20
580.000000 800.000000 48.687485 15 20
600.000000 800.000000 48.375011 16 20
620.000000 800.000000 48.499996 17 20
640.000000 800.000000 48.687508 18 20
660.000000 800.000000 49.124996 19 20
680.000000 800.000000 49.374996 20 20
700.000000 800.000000 49.249992 21 20
720.000000 800.000000 48.875000 22 20
740.000000 800.000000 49.437462 23 20
760.000000 800.000000 50.124958 24 20
780.000000 800.000000 49.717239 25 20
800.000000 800.000000 50.554932 26 20
820.000000 800.000000 50.998817 27 20
840.000000 800.000000 50.998924 28 20
860.000000 800.000000 52.330414 29 20
880.000000 800.000000 52.330570 30 20
900.000000 800.000000 53.218594 31 20
920.000000 800.000000 53.218613 32 20
940.000000 800.000000 53.218586 33 20
960.000000 800.000000 53.662418 34 20
980.000000 800.000000 54.106358 35 20
1000.000000 800.000000 54.106327 36 20
1020.000000 800.000000 54.106312 37 20
1040.000000 800.000000 55.624931 38 20
1060.000000 800.000000 55.437515 39 20
1080.000000 800.000000 54.687500 40 20
1100.000000 800.000000 54.000011 41 20
1120.000000 800.000000 54.000031 42 20
1140.000000 800.000000 53.062538 43 20
1160.000000 800.000000 53.312393 44 20
1180.000000 800.000000 53.062489 45 20
1200.000000 800.000000 52.874992 46 20
1220.000000 800.000000 52.937469 47 20
1240.000000 800.000000 52.812443 48 20
1260.000000 800.000000 52.750042 49 20
1280.000000 800.000000 52.437538 50 20
1300.000000 800.000000 52.500011 51 20
1320.000000 800.000000 52.437511 52 20
1340.000000 800.000000 52.562416 53 20
1360.000000 800.000000 52.125034 54 20
1380.000000 800.000000 52.312489 55 20
1400.000000 800.000000 52.312473 56 20
1420.000000 800.000000 52.000027 57 20
1440.000000 800.000000 52.062492 58 20
1460.000000 800.000000 52.062500 59 20
1480.000000 800.000000 52.187481 60 20
1500.000000 800.000000 52.250000 61 20
1520.000000 800.000000 52.125011 62 20
1540.000000 800.000000 52.187511 63 20
1560.000000 800.000000 52.437469 64 20
1580.000000 800.000000 52.312534 65 20
1600.000000 800.000000 52.774467 66 20
1620.000000 800.000000 53.218590 67 20
1640.000000 800.000000 53.662491 68 20
1660.000000 800.000000 54.106384 69 20
1680.000000 800.000000 54.106487 70 20
1700.000000 800.000000 54.106487 71 20
1720.000000 800.000000 54.106468 72 20
1740.000000 800.000000 55.000187 73 20
1760.000000 800.000000 54.812656 74 20
1780.000000 800.000000 53.999958 75 20
1800.000000 800.000000 52.562534 76 20
1820.000000 800.000000 52.375042 77 20
1840.000000 800.000000 52.250008 78 20
1860.000000 800.000000 52.062527 79 20
1880.000000 800.000000 52.000008 80 20
1900.000000 800.000000 52.000004 81 20
1920.000000 800.000000 50.875107 82 20
1940.000000 800.000000 51.437580 83 20
1960.000000 800.000000 52.437447 84 20
1980.000000 800.000000 52.437576 85 20
2000.000000 800.000000 52.500061 86 20
2020.000000 800.000000 52.500034 87 20
2040.000000 800.000000 52.439304 88 20
360.000000 820.000000 47.999954 4 21
380.000000 820.000000 47.875019 5 21
400.000000 820.000000 47.937500 6 21
420.000000 820.000000 47.937500 7 21
440.000000 820.000000 47.937500 8 21
460.000000 820.000000 47.999992 9 21
480.000000 820.000000 48.000004 10 21
500.000000 820.000000 48.125000 11 21
520.000000 820.000000 48.437496 12 21
540.000000 820.000000 48.500023 13 21
560.000000 820.000000 48.687458 14 21
580.000000 820.000000 48.750008 15 21
600.000000 820.000000 48.812496 16 21
620.000000 820.000000 48.625008 17 21
640.000000 820.000000 48.750023 18 21
660.000000 820.000000 49.374958 19 21
680.000000 820.000000 49.437500 20 21
700.000000 820.000000 48.937508 21 21
720.000000 820.000000 49.187481 22 21
740.000000 820.000000 49.125114 23 21
760.000000 820.000000 50.998730 24 21
780.000000 820.000000 51.886662 25 21
800.000000 820.000000 51.886646 26 21
820.000000 820.000000 51.886665 27 21
840.000000 820.000000 51.886658 28 21
860.000000 820.000000 52.774471 29 21
880.000000 820.000000 53.218407 30 21
900.000000 820.000000 53.662312 31 21
920.000000 820.000000 54.106209 32 21
940.000000 820.000000 54.106293 33 21
960.000000 820.000000 55.437862 34 21
980.000000 820.000000 56.000000 35 21
1000.000000 820.000000 55.749989 36 21
1020.000000 820.000000 55.812496 37 21
1040.000000 820.000000 55.625126 38 21
1060.000000 820.000000 56.062347 39 21
1080.000000 820.000000 54.875057 40 21
1100.000000 820.000000 54.500000 41 21
1120.000000 820.000000 54.250004 42 21
1140.000000 820.000000 53.562469 43 21
1160.000000 820.000000 53.125046 44 21
1180.000000 820.000000 53.187496 45 21
1200.000000 820.000000 53.187496 46 21
1220.000000 820.000000 53.000011 47 21
1240.000000 820.000000 52.937481 48 21
1260.000000 820.000000 52.687527 49 21
1280.000000 820.000000 52.562500 50 21
1300.000000 820.000000 52.625000 51 21
1320.000000 820.000000 52.625000 52 21
1340.000000 820.000000 52.375011 53 21
1360.000000 820.000000 52.000023 54 21
1380.000000 820.000000 52.187485 55 21
1400.000000 820.000000 52.125004 56 21
1420.000000 820.000000 52.124989 57 21
1440.000000 820.000000 52.125004 58 21
1460.000000 820.000000 52.124985 59 21
1480.000000 820.000000 52.062504 60 21
1500.000000 820.000000 52.187500 61 21
1520.000000 820.000000 52.437492 62 21
1540.000000 820.000000 52.500027 63 21
1560.000000 820.000000 52.999950 64 21
1580.000000 820.000000 52.937515 65 21
1600.000000 820.000000 53.218407 66 21
1620.000000 820.000000 54.550121 67 21
1640.000000 820.000000 53.662544 68 21
1660.000000 820.000000 55.562267 69 21
1680.000000 820.000000 55.687588 70 21
1700.000000 820.000000 56.062492 71 21
1720.000000 820.000000 55.312538 72 21
1740.000000 820.000000 54.750084 73 21
1760.000000 820.000000 54.625015 74 21
1780.000000 820.000000 54.187527 75 21
1800.000000 820.000000 52.687511 76 21
1820.000000 820.000000 52.375004 77 21
1840.000000 820.000000 52.437481 78 21
1860.000000 820.000000 52.125053 79 21
1880.000000 820.000000 52.124939 80 21
1900.000000 820.000000 50.937527 81 21
1920.000000 820.000000 52.687431 82 21
1940.000000 820.000000 52.937519 83 21
1960.000000 820.000000 53.062519 84 21
1980.000000 820.000000 53.125000 85 21
2000.000000 820.000000 53.249992 86 21
2020.000000 820.000000 52.562515 87 21
2040.000000 820.000000 52.432274 88 21
360.000000 840.000000 48.437496 4 22
380.000000 840.000000 47.937508 5 22
400.000000 840.000000 47.937508 6 22
420.000000 840.000000 48.124992 7 22
440.000000 840.000000 48.125000 8 22
460.000000 840.000000 48.124996 9 22
480.000000 840.000000 48.125004 10 22
500.000000 840.000000 48.374996 11 22
520.000000 840.000000 48.500004 12 22
540.000000 840.000000 48.562477 13 22
560.000000 840.000000 48.375042 14 22
580.000000 840.000000 48.562489 15 22
600.000000 840.000000 48.687504 16 22
620.000000 840.000000 48.749981 17 22
640.000000 840.000000 49.312454 18 22
660.000000 840.000000 49.437515 19 22
680.000000 840.000000 49.187519 20 22
700.000000 840.000000 49.249989 21 22
720.000000 840.000000 48.875023 22 22
740.000000 840.000000 49.269287 23 22
760.000000 840.000000 50.213287 24 22
780.000000 840.000000 50.287281 25 22
800.000000 840.000000 51.886635 26 22
820.000000 840.000000 52.774452 27 22
840.000000 840.000000 53.218369 28 22
860.000000 840.000000 53.662331 29 22
880.000000 840.000000 54.106205 30 22
900.000000 840.000000 54.106236 31 22
920.000000 840.000000 54.550140 32 22
940.000000 840.000000 55.437859 33 22
960.000000 840.000000 55.438099 34 22
980.000000 840.000000 55.999989 35 22
1000.000000 840.000000 55.937496 36 22
1020.000000 840.000000 56.000011 37 22
1040.000000 840.000000 55.250053 38 22
1060.000000 840.000000 55.499989 39 22
1080.000000 840.000000 55.375015 40 22
1100.000000 840.000000 55.062492 41 22
1120.000000 840.000000 54.312515 42 22
1140.000000 840.000000 53.375065 43 22
1160.000000 840.000000 53.562408 44 22
1180.000000 840.000000 53.375023 45 22
1200.000000 840.000000 53.312500 46 22
1220.000000 840.000000 53.187500 47 22
1240.000000 840.000000 52.812523 48 22
1260.000000 840.000000 52.687489 49 22
1280.000000 840.000000 52.687496 50 22
1300.000000 840.000000 52.750000 51 22
1320.000000 840.000000 52.874996 52 22
1340.000000 840.000000 52.624981 53 22
1360.000000 840.000000 52.062534 54 22
1380.000000 840.000000 52.187477 55 22
1400.000000 840.000000 52.125004 56 22
1420.000000 840.000000 52.124992 57 22
1440.000000 840.000000 51.875038 58 22
1460.000000 840.000000 52.124962 59 22
1480.000000 840.000000 52.062508 60 22
1500.000000 840.000000 52.000004 61 22
1520.000000 840.000000 52.562477 62 22
1540.000000 840.000000 52.875011 63 22
1560.000000 840.000000 53.374920 64 22
1580.000000 840.000000 53.000057 65 22
1600.000000 840.000000 54.550117 66 22
1620.000000 840.000000 54.550217 67 22
1640.000000 840.000000 54.550083 68 22
1660.000000 840.000000 55.374989 69 22
1680.000000 840.000000 55.562523 70 22
1700.000000 840.000000 55.562523 71 22
1720.000000 840.000000 55.499969 72 22
1740.000000 840.000000 55.624905 73 22
1760.000000 840.000000 54.625122 74 22
1780.000000 840.000000 54.249954 75 22
1800.000000 840.000000 52.625000 76 22
1820.000000 840.000000 52.437492 77 22
1840.000000 840.000000 52.437519 78 22
1860.000000 840.000000 52.437492 79 22
1880.000000 840.000000 52.312477 80 22
1900.000000 840.000000 51.062508 81 22
1920.000000 840.000000 52.812500 82 22
1940.000000 840.000000 52.937550 83 22
1960.000000 840.000000 53.062485 84 22
1980.000000 840.000000 53.062511 85 22
2000.000000 840.000000 53.187496 86 22
2020.000000 840.000000 52.999985 87 22
360.000000 860.000000 48.437325 4 23
380.000000 860.000000 48.000046 5 23
400.000000 860.000000 48.062511 6 23
420.000000 860.000000 48.187508 7 23
440.000000 860.000000 48.187504 8 23
460.000000 860.000000 48.187508 9 23
480.000000 860.000000 48.187527 10 23
500.000000 860.000000 48.562485 11 23
520.000000 860.000000 48.562515 12 23
540.000000 860.000000 48.312538 13 23
560.000000 860.000000 48.437466 14 23
580.000000 860.000000 48.562496 15 23
600.000000 860.000000 48.687489 16 23
620.000000 860.000000 48.750050 17 23
640.000000 860.000000 49.062515 18 23
660.000000 860.000000 49.312489 19 23
680.000000 860.000000 49.562447 20 23
700.000000 860.000000 49.499989 21 23
720.000000 860.000000 49.062569 22 23
740.000000 860.000000 49.000099 23 23
760.000000 860.000000 49.846008 24 23
780.000000 860.000000 50.998718 25 23
800.000000 860.000000 52.330490 26 23
820.000000 860.000000 53.662140 27 23
840.000000 860.000000 54.549942 28 23
860.000000 860.000000 54.993923 29 23
880.000000 860.000000 54.994049 30 23
900.000000 860.000000 54.994045 31 23
920.000000 860.000000 54.994156 32 23
940.000000 860.000000 56.499878 33 23
960.000000 860.000000 56.187546 34 23
980.000000 860.000000 55.937515 35 23
1000.000000 860.000000 55.437576 36 23
1020.000000 860.000000 55.437511 37 23
1040.000000 860.000000 56.062325 38 23
1060.000000 860.000000 55.562565 39 23
1080.000000 860.000000 55.437500 40 23
1100.000000 860.000000 55.312489 41 23
1120.000000 860.000000 55.249947 42 23
1140.000000 860.000000 53.562649 43 23
1160.000000 860.000000 54.124878 44 23
1180.000000 860.000000 53.812546 45 23
1200.000000 860.000000 53.481365 46 23
1220.000000 860.000000 53.187485 47 23
1240.000000 860.000000 52.750008 48 23
1260.000000 860.000000 52.749989 49 23
1280.000000 860.000000 52.812504 50 23
1300.000000 860.000000 52.562511 51 23
1320.000000 860.000000 52.562508 52 23
1340.000000 860.000000 52.062572 53 23
1360.000000 860.000000 52.312420 54 23
1380.000000 860.000000 52.374981 55 23
1400.000000 860.000000 52.187492 56 23
1420.000000 860.000000 52.000050 57 23
1440.000000 860.000000 52.187424 58 23
1460.000000 860.000000 52.249912 59 23
1480.000000 860.000000 52.187397 60 23
1500.000000 860.000000 51.999977 61 23
1520.000000 860.000000 52.250145 62 23
1540.000000 860.000000 52.812428 63 23
1560.000000 860.000000 52.312740 64 23
1580.000000 860.000000 55.583118 65 23
1600.000000 860.000000 54.994297 66 23
1620.000000 860.000000 54.550137 67 23
1640.000000 860.000000 54.550224 68 23
1660.000000 860.000000 56.812210 69 23
1680.000000 860.000000 56.000134 70 23
1700.000000 860.000000 55.937458 71 23
1720.000000 860.000000 55.937485 72 23
1740.000000 860.000000 55.437565 73 23
1760.000000 860.000000 54.312607 74 23
1780.000000 860.000000 53.875015 75 23
1800.000000 860.000000 53.249935 76 23
1820.000000 860.000000 52.562519 77 23
1840.000000 860.000000 52.624981 78 23
1860.000000 860.000000 52.749992 79 23
1880.000000 860.000000 53.187420 80 23
1900.000000 860.000000 53.062435 81 23
1920.000000 860.000000 53.125099 82 23
1940.000000 860.000000 53.562454 83 23
1960.000000 860.000000 53.562466 84 23
1980.000000 860.000000 52.937565 85 23
2000.000000 860.000000 52.812557 86 23
2020.000000 860.000000 52.663528 87 23
340.000000 880.000000 47.124958 3 24
360.000000 880.000000 48.374870 4 24
380.000000 880.000000 48.000095 5 24
400.000000 880.000000 48.249973 6 24
420.000000 880.000000 48.312485 7 24
440.000000 880.000000 48.312508 8 24
460.000000 880.000000 48.375004 9 24
480.000000 880.000000 48.562469 10 24
500.000000 880.000000 48.625019 11 24
520.000000 880.000000 48.687462 12 24
540.000000 880.000000 48.312511 13 24
560.000000 880.000000 48.499969 14 24
580.000000 880.000000 48.625023 15 24
600.000000 880.000000 48.687550 16 24
620.000000 880.000000 49.374916 17 24
640.000000 880.000000 49.250019 18 24
660.000000 880.000000 48.749786 19 24
680.000000 880.000000 49.193569 20 24
700.000000 880.000000 49.193626 21 24
720.000000 880.000000 50.081264 22 24
740.000000 880.000000 50.554729 23 24
760.000000 880.000000 50.998718 24 24
780.000000 880.000000 51.442776 25 24
800.000000 880.000000 51.886833 26 24
820.000000 880.000000 51.886993 27 24
840.000000 880.000000 51.887062 28 24
860.000000 880.000000 52.330898 29 24
880.000000 880.000000 53.662373 30 24
900.000000 880.000000 54.550186 31 24
920.000000 880.000000 56.062393 32 24
940.000000 880.000000 56.187634 33 24
960.000000 880.000000 56.374992 34 24
980.000000 880.000000 56.312462 35 24
1000.000000 880.000000 56.249893 36 24
1020.000000 880.000000 55.812500 37 24
1040.000000 880.000000 56.124966 38 24
1060.000000 880.000000 55.375095 39 24
1080.000000 880.000000 55.312481 40 24
1100.000000 880.000000 55.187515 41 24
1120.000000 880.000000 55.375000 42 24
1140.000000 880.000000 54.937420 43 24
1160.000000 880.000000 54.437584 44 24
1180.000000 880.000000 54.562450 45 24
1200.000000 880.000000 53.750015 46 24
1220.000000 880.000000 53.000034 47 24
1240.000000 880.000000 52.750011 48 24
1260.000000 880.000000 52.874962 49 24
1280.000000 880.000000 52.874958 50 24
1300.000000 880.000000 52.500038 51 24
1320.000000 880.000000 52.375000 52 24
1340.000000 880.000000 52.000019 53 24
1360.000000 880.000000 52.312466 54 24
1380.000000 880.000000 52.187565 55 24
1400.000000 880.000000 52.000061 56 24
1420.000000 880.000000 52.312389 57 24
1440.000000 880.000000 51.312607 58 24
1460.000000 880.000000 51.187614 59 24
1480.000000 880.000000 50.562801 60 24
1500.000000 880.000000 50.562466 61 24
1520.000000 880.000000 52.767101 62 24
1540.000000 880.000000 52.874996 63 24
1560.000000 880.000000 52.625206 64 24
1580.000000 880.000000 53.750397 65 24
1600.000000 880.000000 55.749741 66 24
1620.000000 880.000000 54.550171 67 24
1640.000000 880.000000 54.550255 68 24
1660.000000 880.000000 57.374805 69 24
1680.000000 880.000000 57.000080 70 24
1700.000000 880.000000 56.312572 71 24
1720.000000 880.000000 56.250011 72 24
1740.000000 880.000000 55.999924 73 24
1760.000000 880.000000 54.812458 74 24
1780.000000 880.000000 54.312351 75 24
1800.000000 880.000000 53.375034 76 24
1820.000000 880.000000 52.625038 77 24
1840.000000 880.000000 52.687500 78 24
1860.000000 880.000000 52.812515 79 24
1880.000000 880.000000 52.750141 80 24
1900.000000 880.000000 53.500057 81 24
1920.000000 880.000000 53.812443 82 24
1940.000000 880.000000 53.812519 83 24
1960.000000 880.000000 53.812496 84 24
1980.000000 880.000000 53.499954 85 24
2000.000000 880.000000 53.499866 86 24
2020.000000 880.000000 52.687592 87 24
340.000000 900.000000 47.062531 3 25
360.000000 900.000000 48.249958 4 25
380.000000 900.000000 48.312527 5 25
400.000000 900.000000 48.250000 6 25
420.000000 900.000000 48.250000 7 25
440.000000 900.000000 48.437500 8 25
460.000000 900.000000 48.687477 9 25
480.000000 900.000000 48.625023 10 25
500.000000 900.000000 48.687492 11 25
520.000000 900.000000 48.375011 12 25
540.000000 900.000000 48.312469 13 25
560.000000 900.000000 48.250034 14 25
580.000000 900.000000 48.687481 15 25
600.000000 900.000000 49.249981 16 25
620.000000 900.000000 49.312496 17 25
640.000000 900.000000 49.437489 18 25
660.000000 900.000000 49.687359 19 25
680.000000 900.000000 49.351059 20 25
700.000000 900.000000 49.637447 21 25
720.000000 900.000000 50.081444 22 25
740.000000 900.000000 50.081528 23 25
760.000000 900.000000 50.998787 24 25
780.000000 900.000000 51.442814 25 25
800.000000 900.000000 53.218327 26 25
820.000000 900.000000 54.106064 27 25
840.000000 900.000000 54.549919 28 25
860.000000 900.000000 54.549942 29 25
880.000000 900.000000 54.550045 30 25
900.000000 900.000000 54.994011 31 25
920.000000 900.000000 56.187481 32 25
940.000000 900.000000 56.249996 33 25
960.000000 900.000000 56.250011 34 25
980.000000 900.000000 56.562477 35 25
1000.000000 900.000000 56.375034 36 25
1020.000000 900.000000 56.375011 37 25
1040.000000 900.000000 55.812561 38 25
1060.000000 900.000000 55.437469 39 25
1080.000000 900.000000 55.312492 40 25
1100.000000 900.000000 55.187492 41 25
1120.000000 900.000000 55.187489 42 25
1140.000000 900.000000 55.499977 43 25
1160.000000 900.000000 55.312508 44 25
1180.000000 900.000000 54.999985 45 25
1200.000000 900.000000 54.062500 46 25
1220.000000 900.000000 53.312500 47 25
1240.000000 900.000000 53.125004 48 25
1260.000000 900.000000 53.187435 49 25
1280.000000 900.000000 52.375076 50 25
1300.000000 900.000000 52.624981 51 25
1320.000000 900.000000 52.500004 52 25
1340.000000 900.000000 52.437458 53 25
1360.000000 900.000000 52.250046 54 25
1380.000000 900.000000 52.374981 55 25
1400.000000 900.000000 52.437439 56 25
1420.000000 900.000000 51.687553 57 25
1440.000000 900.000000 50.750015 58 25
1460.000000 900.000000 50.875088 59 25
1480.000000 900.000000 52.562260 60 25
1500.000000 900.000000 50.280209 61 25
1520.000000 900.000000 50.232143 62 25
1540.000000 900.000000 52.499947 63 25
1560.000000 900.000000 53.562542 64 25
1580.000000 900.000000 55.437233 65 25
1600.000000 900.000000 55.250038 66 25
1620.000000 900.000000 54.550186 67 25
1640.000000 900.000000 54.550259 68 25
1660.000000 900.000000 57.812222 69 25
1680.000000 900.000000 57.335121 70 25
1700.000000 900.000000 56.999973 71 25
1720.000000 900.000000 56.562496 72 25
1740.000000 900.000000 55.562546 73 25
1760.000000 900.000000 54.321571 74 25
1780.000000 900.000000 53.312542 75 25
1800.000000 900.000000 52.812527 76 25
1820.000000 900.000000 52.749992 77 25
1840.000000 900.000000 52.812496 78 25
1860.000000 900.000000 52.937489 79 25
1880.000000 900.000000 53.187458 80 25
1900.000000 900.000000 53.874973 81 25
1920.000000 900.000000 53.875011 82 25
1940.000000 900.000000 53.937477 83 25
1960.000000 900.000000 53.687550 84 25
1980.000000 900.000000 53.624992 85 25
2000.000000 900.000000 52.875061 86 25
2020.000000 900.000000 53.374954 87 25
360.000000 920.000000 48.187473 4 26
380.000000 920.000000 48.500011 5 26
400.000000 920.000000 48.250004 6 26
420.000000 920.000000 48.250004 7 26
440.000000 920.000000 48.312523 8 26
460.000000 920.000000 48.687469 9 26
480.000000 920.000000 48.625015 10 26
500.000000 920.000000 48.624996 11 26
520.000000 920.000000 48.187511 12 26
540.000000 920.000000 48.125008 13 26
560.000000 920.000000 48.187458 14 26
580.000000 920.000000 48.062542 15 26
600.000000 920.000000 49.124989 16 26
620.000000 920.000000 48.437542 17 26
640.000000 920.000000 48.437538 18 26
660.000000 920.000000 49.187473 19 26
680.000000 920.000000 49.375038 20 26
700.000000 920.000000 49.637505 21 26
720.000000 920.000000 50.554909 22 26
740.000000 920.000000 51.442642 23 26
760.000000 920.000000 51.442905 24 26
780.000000 920.000000 52.774452 25 26
800.000000 920.000000 54.106228 26 26
820.000000 920.000000 54.550159 27 26
840.000000 920.000000 54.550175 28 26
860.000000 920.000000 54.550144 29 26
880.000000 920.000000 54.550167 30 26
900.000000 920.000000 54.994049 31 26
920.000000 920.000000 54.994076 32 26
940.000000 920.000000 56.124893 33 26
960.000000 920.000000 55.937592 34 26
980.000000 920.000000 56.249981 35 26
1000.000000 920.000000 56.500000 36 26
1020.000000 920.000000 56.624989 37 26
1040.000000 920.000000 56.312450 38 26
1060.000000 920.000000 55.437565 39 26
1080.000000 920.000000 55.374973 40 26
1100.000000 920.000000 55.312496 41 26
1120.000000 920.000000 55.250011 42 26
1140.000000 920.000000 55.499996 43 26
1160.000000 920.000000 55.250031 44 26
1180.000000 920.000000 54.937485 45 26
1200.000000 920.000000 54.000011 46 26
1220.000000 920.000000 53.812489 47 26
1240.000000 920.000000 53.437534 48 26
1260.000000 920.000000 53.562469 49 26
1280.000000 920.000000 53.000004 50 26
1300.000000 920.000000 52.312508 51 26
1320.000000 920.000000 52.687485 52 26
1340.000000 920.000000 52.437538 53 26
1360.000000 920.000000 52.437492 54 26
1380.000000 920.000000 52.499962 55 26
1400.000000 920.000000 51.442760 56 26
1420.000000 920.000000 51.442711 57 26
1440.000000 920.000000 51.442703 58 26
1460.000000 920.000000 51.442699 59 26
1480.000000 920.000000 51.886673 60 26
1500.000000 920.000000 52.330536 61 26
1520.000000 920.000000 52.774487 62 26
1540.000000 920.000000 53.218430 63 26
1560.000000 920.000000 53.218380 64 26
1580.000000 920.000000 53.662327 65 26
1600.000000 920.000000 54.550152 66 26
1620.000000 920.000000 55.437931 67 26
1640.000000 920.000000 55.881748 68 26
1660.000000 920.000000 55.882030 69 26
1680.000000 920.000000 55.881886 70 26
1700.000000 920.000000 55.881886 71 26
1720.000000 920.000000 55.881878 72 26
1740.000000 920.000000 53.662437 73 26
1760.000000 920.000000 53.218315 74 26
1780.000000 920.000000 53.000031 75 26
1800.000000 920.000000 52.812492 76 26
1820.000000 920.000000 52.749996 77 26
1840.000000 920.000000 52.999954 78 26
1860.000000 920.000000 52.750050 79 26
1880.000000 920.000000 52.999996 80 26
1900.000000 920.000000 53.750000 81 26
1920.000000 920.000000 53.687504 82 26
1940.000000 920.000000 53.687511 83 26
1960.000000 920.000000 53.624989 84 26
1980.000000 920.000000 53.437500 85 26
2000.000000 920.000000 52.999996 86 26
380.000000 940.000000 48.625008 5 27
400.000000 940.000000 48.500000 6 27
420.000000 940.000000 48.437500 7 27
440.000000 940.000000 48.437515 8 27
460.000000 940.000000 48.874981 9 27
480.000000 940.000000 48.937492 10 27
500.000000 940.000000 48.305759 11 27
520.000000 940.000000 48.305725 12 27
540.000000 940.000000 48.749645 13 27
560.000000 940.000000 49.193550 14 27
580.000000 940.000000 49.193554 15 27
600.000000 940.000000 49.193600 16 27
620.000000 940.000000 49.637447 17 27
640.000000 940.000000 50.998760 18 27
660.000000 940.000000 52.330608 19 27
680.000000 940.000000 53.662281 20 27
700.000000 940.000000 54.106182 21 27
720.000000 940.000000 54.550117 22 27
740.000000 940.000000 54.994179 23 27
760.000000 940.000000 57.213364 24 27
780.000000 940.000000 57.657558 25 27
800.000000 940.000000 57.893929 26 27
820.000000 940.000000 57.989815 27 27
840.000000 940.000000 57.792484 28 27
860.000000 940.000000 57.943390 29 27
880.000000 940.000000 57.312462 30 27
900.000000 940.000000 56.125031 31 27
920.000000 940.000000 55.937492 32 27
940.000000 940.000000 56.250019 33 27
960.000000 940.000000 56.187496 34 27
980.000000 940.000000 56.250000 35 27
1000.000000 940.000000 56.749996 36 27
1020.000000 940.000000 56.500019 37 27
1040.000000 940.000000 56.125004 38 27
1060.000000 940.000000 55.562500 39 27
1080.000000 940.000000 55.437485 40 27
1100.000000 940.000000 55.312504 41 27
1120.000000 940.000000 55.250000 42 27
1140.000000 940.000000 55.125042 43 27
1160.000000 940.000000 55.249966 44 27
1180.000000 940.000000 54.937511 45 27
1200.000000 940.000000 54.312492 46 27
1220.000000 940.000000 54.125000 47 27
1240.000000 940.000000 53.874977 48 27
1260.000000 940.000000 53.437557 49 27
1280.000000 940.000000 53.187477 50 27
1300.000000 940.000000 52.375000 51 27
1320.000000 940.000000 52.750015 52 27
1340.000000 940.000000 52.312569 53 27
1360.000000 940.000000 52.687435 54 27
1380.000000 940.000000 52.625019 55 27
1400.000000 940.000000 52.124981 56 27
1420.000000 940.000000 52.187508 57 27
1440.000000 940.000000 51.000095 58 27
1460.000000 940.000000 50.749939 59 27
1480.000000 940.000000 50.562511 60 27
1500.000000 940.000000 50.437534 61 27
1520.000000 940.000000 50.236858 62 27
1540.000000 940.000000 53.312252 63 27
1560.000000 940.000000 53.437721 64 27
1580.000000 940.000000 54.687447 65 27
1600.000000 940.000000 55.749958 66 27
1620.000000 940.000000 53.662464 67 27
1640.000000 940.000000 54.550041 68 27
1660.000000 940.000000 54.550190 69 27
1680.000000 940.000000 54.550140 70 27
1700.000000 940.000000 54.550156 71 27
1720.000000 940.000000 54.550137 72 27
1740.000000 940.000000 54.993912 73 27
1760.000000 940.000000 54.550144 74 27
1780.000000 940.000000 53.662319 75 27
1800.000000 940.000000 53.218403 76 27
1820.000000 940.000000 53.124996 77 27
1840.000000 940.000000 52.562561 78 27
1860.000000 940.000000 52.562462 79 27
1880.000000 940.000000 52.875004 80 27
1900.000000 940.000000 53.812508 81 27
1920.000000 940.000000 53.749992 82 27
1940.000000 940.000000 53.750008 83 27
1960.000000 940.000000 53.749969 84 27
1980.000000 940.000000 53.124985 85 27
2000.000000 940.000000 51.625046 86 27
800.000000 960.000000 57.657516 26 28
820.000000 960.000000 57.657608 27 28
840.000000 960.000000 57.937489 28 28
860.000000 960.000000 57.875072 29 28
880.000000 960.000000 57.874985 30 28
900.000000 960.000000 56.937531 31 28
920.000000 960.000000 56.375072 32 28
940.000000 960.000000 56.312553 33 28
960.000000 960.000000 56.125088 34 28
980.000000 960.000000 56.437492 35 28
1000.000000 960.000000 55.438198 36 28
1020.000000 960.000000 55.438034 37 28
1040.000000 960.000000 55.438026 38 28
1060.000000 960.000000 55.438004 39 28
1080.000000 960.000000 55.438019 40 28
1100.000000 960.000000 55.375065 41 28
1120.000000 960.000000 55.187546 42 28
1140.000000 960.000000 55.249969 43 28
1160.000000 960.000000 55.125000 44 28
1180.000000 960.000000 54.875000 45 28
1200.000000 960.000000 54.562489 46 28
1220.000000 960.000000 54.250031 47 28
1240.000000 960.000000 54.000008 48 28
1260.000000 960.000000 53.624989 49 28
1280.000000 960.000000 53.187466 50 28
1300.000000 960.000000 52.187492 51 28
1320.000000 960.000000 52.562462 52 28
1340.000000 960.000000 52.368042 53 28
1360.000000 960.000000 52.812500 54 28
1380.000000 960.000000 52.749973 55 28
1400.000000 960.000000 52.312466 56 28
1420.000000 960.000000 50.875114 57 28
1440.000000 960.000000 50.687435 58 28
1460.000000 960.000000 50.812416 59 28
1480.000000 960.000000 50.437496 60 28
1500.000000 960.000000 50.437450 61 28
1520.000000 960.000000 50.377949 62 28
1540.000000 960.000000 53.218277 63 28
1560.000000 960.000000 52.774708 64 28
1580.000000 960.000000 53.218494 65 28
1600.000000 960.000000 55.812458 66 28
1620.000000 960.000000 53.662235 67 28
1640.000000 960.000000 54.993935 68 28
1660.000000 960.000000 55.812431 69 28
1680.000000 960.000000 55.624969 70 28
1700.000000 960.000000 56.187370 71 28
1720.000000 960.000000 56.187431 72 28
1740.000000 960.000000 56.125027 73 28
1760.000000 960.000000 55.687527 74 28
1780.000000 960.000000 54.812523 75 28
1800.000000 960.000000 53.187717 76 28
1820.000000 960.000000 52.750103 77 28
1840.000000 960.000000 52.499973 78 28
1860.000000 960.000000 52.562572 79 28
1880.000000 960.000000 54.187351 80 28
1900.000000 960.000000 53.375084 81 28
1920.000000 960.000000 54.124947 82 28
1940.000000 960.000000 53.875019 83 28
1960.000000 960.000000 53.812443 84 28
1980.000000 960.000000 53.000031 85 28
980.000000 980.000000 57.657448 35 29
1000.000000 980.000000 57.657238 36 29
1020.000000 980.000000 57.213459 37 29
1040.000000 980.000000 57.213432 38 29
1060.000000 980.000000 56.769630 39 29
1080.000000 980.000000 56.769562 40 29
1100.000000 980.000000 56.769527 41 29
1120.000000 980.000000 56.325687 42 29
1140.000000 980.000000 55.881836 43 29
1160.000000 980.000000 55.187546 44 29
1180.000000 980.000000 54.937496 45 29
1200.000000 980.000000 54.687523 46 29
1220.000000 980.000000 54.624954 47 29
1240.000000 980.000000 54.187553 48 29
1260.000000 980.000000 53.937481 49 29
1280.000000 980.000000 53.000019 50 29
1300.000000 980.000000 51.687481 51 29
1320.000000 980.000000 51.500023 52 29
1340.000000 980.000000 53.124870 53 29
1360.000000 980.000000 54.062431 54 29
1380.000000 980.000000 53.125080 55 29
1400.000000 980.000000 51.874985 56 29
1420.000000 980.000000 50.812542 57 29
1440.000000 980.000000 50.687439 58 29
1460.000000 980.000000 50.437531 59 29
1480.000000 980.000000 50.437504 60 29
1500.000000 980.000000 50.500015 61 29
1520.000000 980.000000 50.527081 62 29
1540.000000 980.000000 53.218281 63 29
1560.000000 980.000000 52.774590 64 29
1580.000000 980.000000 53.218315 65 29
1600.000000 980.000000 55.937428 66 29
1620.000000 980.000000 52.774639 67 29
1640.000000 980.000000 54.550125 68 29
1660.000000 980.000000 56.749851 69 29
1680.000000 980.000000 56.000156 70 29
1700.000000 980.000000 56.062622 71 29
1720.000000 980.000000 56.312576 72 29
1740.000000 980.000000 56.250042 73 29
1760.000000 980.000000 55.875057 74 29
1780.000000 980.000000 55.812428 75 29
1800.000000 980.000000 55.711205 76 29
1820.000000 980.000000 55.279011 77 29
1840.000000 980.000000 53.437557 78 29
1860.000000 980.000000 53.562351 79 29
1880.000000 980.000000 54.374950 80 29
1900.000000 980.000000 53.625061 81 29
1920.000000 980.000000 54.374977 82 29
1940.000000 980.000000 54.062531 83 29
1960.000000 980.000000 53.375114 84 29
1100.000000 1000.000000 55.437603 41 30
1120.000000 1000.000000 55.368034 42 30
1140.000000 1000.000000 55.250061 43 30
1160.000000 1000.000000 55.249981 44 30
1180.000000 1000.000000 55.062511 45 30
1200.000000 1000.000000 54.999989 46 30
1220.000000 1000.000000 54.687511 47 30
1240.000000 1000.000000 54.562492 48 30
1260.000000 1000.000000 54.562435 49 30
1280.000000 1000.000000 53.562485 50 30
1300.000000 1000.000000 51.526356 51 30
1320.000000 1000.000000 50.999977 52 30
1340.000000 1000.000000 52.500034 53 30
1360.000000 1000.000000 54.582184 54 30
1380.000000 1000.000000 54.374989 55 30
1400.000000 1000.000000 51.846848 56 30
1420.000000 1000.000000 52.312397 57 30
1440.000000 1000.000000 50.750126 58 30
1460.000000 1000.000000 50.624935 59 30
1480.000000 1000.000000 50.625015 60 30
1500.000000 1000.000000 50.749996 61 30
1520.000000 1000.000000 51.045059 62 30
1540.000000 1000.000000 53.218323 63 30
1560.000000 1000.000000 52.774593 64 30
1580.000000 1000.000000 53.218376 65 30
1600.000000 1000.000000 55.437988 66 30
1620.000000 1000.000000 52.774487 67 30
1640.000000 1000.000000 53.218563 68 30
1660.000000 1000.000000 56.874710 69 30
1680.000000 1000.000000 56.062675 70 30
1700.000000 1000.000000 56.124985 71 30
1720.000000 1000.000000 56.312500 72 30
1740.000000 1000.000000 56.000031 73 30
1760.000000 1000.000000 55.937489 74 30
1780.000000 1000.000000 55.812504 75 30
1800.000000 1000.000000 54.437649 76 30
1820.000000 1000.000000 55.500023 77 30
1840.000000 1000.000000 54.000008 78 30
1860.000000 1000.000000 52.687580 79 30
1880.000000 1000.000000 53.000061 80 30
1900.000000 1000.000000 54.187492 81 30
1920.000000 1000.000000 54.437508 82 30
1940.000000 1000.000000 54.500000 83 30
1120.000000 1020.000000 55.687500 42 31
1140.000000 1020.000000 55.250023 43 31
1160.000000 1020.000000 55.187492 44 31
1180.000000 1020.000000 55.187496 45 31
1200.000000 1020.000000 55.062500 46 31
1220.000000 1020.000000 54.937500 47 31
1240.000000 1020.000000 54.624939 48 31
1260.000000 1020.000000 53.687675 49 31
1280.000000 1020.000000 54.249962 50 31
1300.000000 1020.000000 53.562485 51 31
1320.000000 1020.000000 52.312538 52 31
1340.000000 1020.000000 51.302933 53 31
1360.000000 1020.000000 53.499889 54 31
1380.000000 1020.000000 54.562572 55 31
1400.000000 1020.000000 53.937485 56 31
1420.000000 1020.000000 52.000053 57 31
1440.000000 1020.000000 52.249832 58 31
1460.000000 1020.000000 51.562595 59 31
1480.000000 1020.000000 51.374977 60 31
1500.000000 1020.000000 51.250011 61 31
1520.000000 1020.000000 53.062447 62 31
1540.000000 1020.000000 53.218494 63 31
1560.000000 1020.000000 52.774406 64 31
1580.000000 1020.000000 52.330643 65 31
1600.000000 1020.000000 55.437927 66 31
1620.000000 1020.000000 52.774513 67 31
1640.000000 1020.000000 52.330765 68 31
1660.000000 1020.000000 57.062077 69 31
1680.000000 1020.000000 56.250191 70 31
1700.000000 1020.000000 56.249992 71 31
1720.000000 1020.000000 56.499985 72 31
1740.000000 1020.000000 56.125004 73 31
1760.000000 1020.000000 55.999981 74 31
1780.000000 1020.000000 55.874977 75 31
1800.000000 1020.000000 54.687504 76 31
1820.000000 1020.000000 54.304329 77 31
1840.000000 1020.000000 52.973141 78 31
1860.000000 1020.000000 52.625004 79 31
1880.000000 1020.000000 53.812481 80 31
1900.000000 1020.000000 54.312492 81 31
1920.000000 1020.000000 54.500008 82 31
1940.000000 1020.000000 54.625072 83 31
1120.000000 1040.000000 55.500011 42 32
1140.000000 1040.000000 55.749908 43 32
1160.000000 1040.000000 55.062592 44 32
1180.000000 1040.000000 55.124969 45 32
1200.000000 1040.000000 54.937504 46 32
1220.000000 1040.000000 54.687504 47 32
1240.000000 1040.000000 54.106316 48 32
1260.000000 1040.000000 54.550014 49 32
1280.000000 1040.000000 54.550182 50 32
1300.000000 1040.000000 54.550125 51 32
1320.000000 1040.000000 54.550091 52 32
1340.000000 1040.000000 54.550014 53 32
1360.000000 1040.000000 54.550182 54 32
1380.000000 1040.000000 54.550167 55 32
1400.000000 1040.000000 54.550137 56 32
1420.000000 1040.000000 54.550064 57 32
1440.000000 1040.000000 54.106304 58 32
1460.000000 1040.000000 54.106148 59 32
1480.000000 1040.000000 53.662323 60 32
1500.000000 1040.000000 53.662285 61 32
1520.000000 1040.000000 53.662369 62 32
1540.000000 1040.000000 53.218430 63 32
1560.000000 1040.000000 53.218353 64 32
1580.000000 1040.000000 53.218330 65 32
1600.000000 1040.000000 53.218464 66 32
1620.000000 1040.000000 53.218307 67 32
1640.000000 1040.000000 53.218224 68 32
1660.000000 1040.000000 53.218620 69 32
1680.000000 1040.000000 53.218418 70 32
1700.000000 1040.000000 53.218414 71 32
1720.000000 1040.000000 53.218422 72 32
1740.000000 1040.000000 53.218407 73 32
1760.000000 1040.000000 53.218372 74 32
1780.000000 1040.000000 52.774536 75 32
1800.000000 1040.000000 52.774475 76 32
1820.000000 1040.000000 52.774467 77 32
1840.000000 1040.000000 52.774456 78 32
1860.000000 1040.000000 52.774536 79 32
1880.000000 1040.000000 53.999958 80 32
1900.000000 1040.000000 54.375011 81 32
1920.000000 1040.000000 54.562500 82 32
1940.000000 1040.000000 54.687531 83 32
1120.000000 1060.000000 53.875111 42 33
1140.000000 1060.000000 55.749798 43 33
1160.000000 1060.000000 55.437538 44 33
1180.000000 1060.000000 55.249992 45 33
1200.000000 1060.000000 55.187489 46 33
1220.000000 1060.000000 55.187466 47 33
1240.000000 1060.000000 55.124897 48 33
1260.000000 1060.000000 54.550213 49 33
1280.000000 1060.000000 54.550137 50 33
1300.000000 1060.000000 54.550144 51 33
1320.000000 1060.000000 54.550201 52 33
1340.000000 1060.000000 54.550213 53 33
1360.000000 1060.000000 54.106365 54 33
1380.000000 1060.000000 54.106281 55 33
1400.000000 1060.000000 54.106319 56 33
1420.000000 1060.000000 54.106369 57 33
1440.000000 1060.000000 54.106293 58 33
1460.000000 1060.000000 53.662441 59 33
1480.000000 1060.000000 53.218491 60 33
1500.000000 1060.000000 53.218430 61 33
1520.000000 1060.000000 52.330669 62 33
1540.000000 1060.000000 51.886719 63 33
1560.000000 1060.000000 51.886723 64 33
1580.000000 1060.000000 51.886723 65 33
1600.000000 1060.000000 51.442772 66 33
1620.000000 1060.000000 50.998940 67 33
1640.000000 1060.000000 50.998886 68 33
1660.000000 1060.000000 50.998867 69 33
1680.000000 1060.000000 50.998856 70 33
1700.000000 1060.000000 50.998863 71 33
1720.000000 1060.000000 50.998821 72 33
1740.000000 1060.000000 51.125008 73 33
1760.000000 1060.000000 50.937557 74 33
1780.000000 1060.000000 50.812477 75 33
1800.000000 1060.000000 50.847107 76 33
1820.000000 1060.000000 51.000000 77 33
1840.000000 1060.000000 50.625122 78 33
1120.000000 1080.000000 55.437214 42 34
1140.000000 1080.000000 55.125134 43 34
1160.000000 1080.000000 55.374908 44 34
1180.000000 1080.000000 55.312511 45 34
1200.000000 1080.000000 55.312500 46 34
1220.000000 1080.000000 55.187492 47 34
1240.000000 1080.000000 54.812592 48 34
1260.000000 1080.000000 54.625023 49 34
1280.000000 1080.000000 54.562489 50 34
1300.000000 1080.000000 54.562572 51 34
1320.000000 1080.000000 54.874973 52 34
1340.000000 1080.000000 55.187378 53 34
1360.000000 1080.000000 55.312332 54 34
1380.000000 1080.000000 55.312260 55 34
1400.000000 1080.000000 55.437672 56 34
1420.000000 1080.000000 55.437634 57 34
1440.000000 1080.000000 55.437649 58 34
1460.000000 1080.000000 54.550045 59 34
1480.000000 1080.000000 54.106022 60 34
1500.000000 1080.000000 53.218327 61 34
1520.000000 1080.000000 52.330360 62 34
1540.000000 1080.000000 52.330307 63 34
1560.000000 1080.000000 51.886536 64 34
1580.000000 1080.000000 51.886459 65 34
1600.000000 1080.000000 51.442589 66 34
1620.000000 1080.000000 50.998749 67 34
1640.000000 1080.000000 50.998695 68 34
1660.000000 1080.000000 51.062355 69 34
1680.000000 1080.000000 51.187351 70 34
1700.000000 1080.000000 51.249844 71 34
1720.000000 1080.000000 50.874966 72 34
1740.000000 1080.000000 50.999916 73 34
1760.000000 1080.000000 50.937420 74 34
1780.000000 1080.000000 50.624954 75 34
1800.000000 1080.000000 49.625210 76 34
1820.000000 1080.000000 49.812496 77 34
1120.000000 1100.000000 55.625061 42 35
1140.000000 1100.000000 55.374931 43 35
1160.000000 1100.000000 54.375172 44 35
1180.000000 1100.000000 55.249935 45 35
1200.000000 1100.000000 55.249996 46 35
1220.000000 1100.000000 54.812511 47 35
1240.000000 1100.000000 54.812477 48 35
1260.000000 1100.000000 54.874966 49 35
1280.000000 1100.000000 54.750023 50 35
1300.000000 1100.000000 55.374969 51 35
1320.000000 1100.000000 55.499996 52 35
1340.000000 1100.000000 55.312561 53 35
1360.000000 1100.000000 55.437920 54 35
1380.000000 1100.000000 54.550232 55 35
1400.000000 1100.000000 54.106316 56 35
1420.000000 1100.000000 53.662418 57 35
1440.000000 1100.000000 53.662422 58 35
1460.000000 1100.000000 53.662342 59 35
1480.000000 1100.000000 53.218445 60 35
1500.000000 1100.000000 52.330578 61 35
1520.000000 1100.000000 50.998878 62 35
1540.000000 1100.000000 50.998833 63 35
1560.000000 1100.000000 50.500099 64 35
1580.000000 1100.000000 50.437550 65 35
1600.000000 1100.000000 50.437557 66 35
1620.000000 1100.000000 50.998840 67 35
1640.000000 1100.000000 50.998867 68 35
1660.000000 1100.000000 50.875072 69 35
1680.000000 1100.000000 51.062546 70 35
1700.000000 1100.000000 51.125061 71 35
1720.000000 1100.000000 51.187527 72 35
1780.000000 1100.000000 50.750027 75 35
1800.000000 1100.000000 50.749943 76 35
