BLO 11
 5.5 2.7 2.65 0.25997
 3.3 1.9 2.4 0.0370249
 5 2.7 2.65 0.153152
 5 2.2 2.65 0.139207
 6.5 3.5 2.75 0.818045
 6 3.3 2.6 0.239073
 5.5 3.2 2.65 0.414044
 6.1 3.53 2.74 13.0652
 6.5 3.71 2.83 15.1176
 6.9 3.93 2.92 13.4367
 8.17 4.53 3.36 0
CCM 5
2.5 1.07 2.11 0.375453
6.1 3.53 2.74 13.7129
6.5 3.71 2.83 15.4274
6.9 3.93 2.92 13.7096
8.28 4.59 3.4 0
FVM 5
2.5 1.07 2.11 0.487548
6.1 3.53 2.74 14.0393
6.5 3.71 2.83 15.799
6.9 3.93 2.92 14.0393
8.2 4.55 3.37 0
KF28 11
 5.5 2.7 2.65 1.26244
 3.3 1.9 2.4 0.117298
 5 2.7 2.65 0.54406
 5 2.2 2.65 0.100949
 6.5 3.5 2.75 1.93341
 6 3.3 2.6 0.128113
 5.5 3.2 2.65 0.318914
 6.1 3.53 2.74 11.4908
 6.5 3.71 2.83 14.0871
 6.9 3.93 2.92 12.5241
 8.15 4.52 3.36 0
KF30 11
 5.5 2.7 2.65 1.11505
 3.3 1.9 2.4 0.0876774
 5 2.7 2.65 0.437524
 5 2.2 2.65 0.120498
 6.5 3.5 2.75 1.74695
 6 3.3 2.6 0.0906538
 5.5 3.2 2.65 0.365172
 6.1 3.53 2.74 11.9723
 6.5 3.71 2.83 14.2283
 6.9 3.93 2.92 12.6506
 8.15 4.52 3.36 0
KF34 11
 5.5 2.7 2.65 0.683054
 3.3 1.9 2.4 0.0477273
 5 2.7 2.65 0.228667
 5 2.2 2.65 0.142198
 6.5 3.5 2.75 1.54561
 6 3.3 2.6 0.0404712
 5.5 3.2 2.65 0.282267
 6.1 3.53 2.74 12.8403
 6.5 3.71 2.83 14.7355
 6.9 3.93 2.92 13.0983
 8.14 4.52 3.35 0
KG27 11
 5.5 2.7 2.65 1.09539
 3.3 1.9 2.4 0.12756
 5 2.7 2.65 0.51431
 5 2.2 2.65 0.0907555
 6.5 3.5 2.75 2.24136
 6 3.3 2.6 0.108221
 5.5 3.2 2.65 0.34453
 6.1 3.53 2.74 11.3928
 6.5 3.71 2.83 14.0829
 6.9 3.93 2.92 12.5202
 8.15 4.52 3.36 0
KG29 11
 5.5 2.7 2.65 1.16269
 3.3 1.9 2.4 0.0951255
 5 2.7 2.65 0.523384
 5 2.2 2.65 0.12757
 6.5 3.5 2.75 1.96787
 6 3.3 2.6 0.042627
 5.5 3.2 2.65 0.27174
 6.1 3.53 2.74 11.8533
 6.5 3.71 2.83 14.0574
 6.9 3.93 2.92 12.4989
 8.15 4.52 3.36 0
KG31 11
 5.5 2.7 2.65 0.913117
 3.3 1.9 2.4 0.0691323
 5 2.7 2.65 0.443428
 5 2.2 2.65 0.147746
 6.5 3.5 2.75 2.04082
 6 3.3 2.6 0.0164407
 5.5 3.2 2.65 0.261547
 6.1 3.53 2.74 12.095
 6.5 3.71 2.83 14.3327
 6.9 3.93 2.92 12.7422
 8.15 4.52 3.36 0
KG35 11
 5.5 2.7 2.65 0.561696
 3.3 1.9 2.4 0.0302179
 5 2.7 2.65 0.215182
 5 2.2 2.65 0.114272
 6.5 3.5 2.75 1.47112
 6 3.3 2.6 0.0383303
 5.5 3.2 2.65 0.190724
 6.1 3.53 2.74 13.2579
 6.5 3.71 2.83 14.9458
 6.9 3.93 2.92 13.2844
 8.14 4.52 3.35 0
KG37 11
 5.5 2.7 2.65 0.405231
 3.3 1.9 2.4 0.0235784
 5 2.7 2.65 0.0866869
 5 2.2 2.65 0.151065
 6.5 3.5 2.75 0.903935
 6 3.3 2.6 0.11181
 5.5 3.2 2.65 0.140379
 6.1 3.53 2.74 13.8305
 6.5 3.71 2.83 15.1388
 6.9 3.93 2.92 13.4563
 8.14 4.52 3.35 0
KG41 6
2.5 1.07 2.11 0.5
4.6 2.59 2.46 1.01486
6.1 3.53 2.74 13.62
6.5 3.71 2.83 15.3265
6.9 3.93 2.92 13.625
8.18 4.54 3.37 0
KH26 11
 5.5 2.7 2.65 0.818423
 3.3 1.9 2.4 0.0974986
 5 2.7 2.65 0.36562
 5 2.2 2.65 0.0850381
 6.5 3.5 2.75 2.78095
 6 3.3 2.6 0.098563
 5.5 3.2 2.65 0.389256
 6.1 3.53 2.74 11.2833
 6.5 3.71 2.83 14.1374
 6.9 3.93 2.92 12.569
 8.14 4.52 3.35 0
KH28 11
 5.5 2.7 2.65 1.12647
 3.3 1.9 2.4 0.105249
 5 2.7 2.65 0.474813
 5 2.2 2.65 0.115755
 6.5 3.5 2.75 2.40011
 6 3.3 2.6 0.0447043
 5.5 3.2 2.65 0.280691
 6.1 3.53 2.74 11.4807
 6.5 3.71 2.83 13.9928
 6.9 3.93 2.92 12.441
 8.15 4.52 3.36 0
KH30 11
 5.5 2.7 2.65 1.18793
 3.3 1.9 2.4 0.0896161
 5 2.7 2.65 0.477276
 5 2.2 2.65 0.13769
 6.5 3.5 2.75 2.30986
 6 3.3 2.6 0.0107312
 5.5 3.2 2.65 0.225419
 6.1 3.53 2.74 11.6585
 6.5 3.71 2.83 13.9498
 6.9 3.93 2.92 12.4032
 8.15 4.52 3.36 0
KH32 11
 5.5 2.7 2.65 1.10937
 3.3 1.9 2.4 0.0721647
 5 2.7 2.65 0.436243
 5 2.2 2.65 0.149838
 6.5 3.5 2.75 2.35521
 6 3.3 2.6 0.00577075
 5.5 3.2 2.65 0.209224
 6.1 3.53 2.74 11.6519
 6.5 3.71 2.83 14.2227
 6.9 3.93 2.92 12.6453
 8.15 4.52 3.36 0
KH34 11
 5.5 2.7 2.65 0.858321
 3.3 1.9 2.4 0.0671364
 5 2.7 2.65 0.102844
 5 2.2 2.65 0.154722
 6.5 3.5 2.75 2.32193
 6 3.3 2.6 0.00853442
 5.5 3.2 2.65 0.205867
 6.1 3.53 2.74 12.2677
 6.5 3.71 2.83 14.6202
 6.9 3.93 2.92 12.9967
 8.14 4.52 3.35 0
KH36 11
 5.5 2.7 2.65 0.577296
 3.3 1.9 2.4 0.047025
 5 2.7 2.65 0.160983
 5 2.2 2.65 0.13776
 6.5 3.5 2.75 2.1729
 6 3.3 2.6 0.0326399
 5.5 3.2 2.65 0.15786
 6.1 3.53 2.74 12.6607
 6.5 3.71 2.83 15.0155
 6.9 3.93 2.92 13.3468
 8.14 4.52 3.35 0
KH38 11
 5.5 2.7 2.65 0.433755
 3.3 1.9 2.4 0.0469034
 5 2.7 2.65 0.256077
 5 2.2 2.65 0.138288
 6.5 3.5 2.75 1.98149
 6 3.3 2.6 0.108215
 5.5 3.2 2.65 0.0847429
 6.1 3.53 2.74 12.6956
 6.5 3.71 2.83 15.2905
 6.9 3.93 2.92 13.5921
 8.14 4.52 3.35 0
KH42 6
2.5 1.07 2.11 0.5
4.6 2.59 2.46 0.990314
6.1 3.53 2.74 13.4611
6.5 3.71 2.83 15.1498
6.9 3.93 2.92 13.4689
8.18 4.54 3.37 0
KH44 11
 5.5 2.7 2.65 0.0919517
 3.3 1.9 2.4 0.0113841
 5 2.7 2.65 0.0272693
 5 2.2 2.65 0.174356
 6.5 3.5 2.75 1.36401
 6 3.3 2.6 0.232098
 5.5 3.2 2.65 0.0235179
 6.1 3.53 2.74 12.6555
 6.5 3.71 2.83 15.0311
 6.9 3.93 2.92 13.3639
 8.18 4.54 3.37 0
KH46 11
 5.5 2.7 2.65 0.033386
 3.3 1.9 2.4 0.00618527
 5 2.7 2.65 0.002
 5 2.2 2.65 0.156854
 6.5 3.5 2.75 1.35704
 6 3.3 2.6 0.242904
 5.5 3.2 2.65 0.0161321
 6.1 3.53 2.74 12.2011
 6.5 3.71 2.83 14.3335
 6.9 3.93 2.92 12.7414
 8.18 4.54 3.37 0
KH48 6
2.5 1.07 2.11 0.7474
4.6 2.59 2.46 0.628177
6.1 3.53 2.74 12.0342
6.5 3.71 2.83 13.5462
6.9 3.93 2.92 12.0389
8.18 4.54 3.37 0
KH49 6
2.5 1.07 2.11 0.88235
4.6 2.59 2.46 0.58523
6.1 3.53 2.74 11.2409
6.5 3.71 2.83 12.6541
6.9 3.93 2.92 11.2431
8.18 4.54 3.37 0
KH50 6
2.5 1.07 2.11 1
4.6 2.59 2.46 0.592987
6.1 3.53 2.74 10.6625
6.5 3.71 2.83 11.9887
6.9 3.93 2.92 10.6323
8.18 4.54 3.37 0
KH54 6
2.5 1.07 2.11 1
4.6 2.59 2.46 0.881489
6.1 3.53 2.74 11.345
6.5 3.71 2.83 12.6313
6.9 3.93 2.92 11.0586
8.18 4.54 3.37 0
KI25 11
 5.5 2.7 2.65 0.501257
 3.3 1.9 2.4 0.0524202
 5 2.7 2.65 0.527043
 5 2.2 2.65 0.0864273
 6.5 3.5 2.75 3.15116
 6 3.3 2.6 0.109909
 5.5 3.2 2.65 0.382956
 6.1 3.53 2.74 10.9613
 6.5 3.71 2.83 14.2992
 6.9 3.93 2.92 12.713
 8.14 4.52 3.35 0
KI27 11
 5.5 2.7 2.65 0.917425
 3.3 1.9 2.4 0.0663676
 5 2.7 2.65 0.412219
 5 2.2 2.65 0.119359
 6.5 3.5 2.75 2.97826
 6 3.3 2.6 0.0538384
 5.5 3.2 2.65 0.294803
 6.1 3.53 2.74 10.9082
 6.5 3.71 2.83 14.1747
 6.9 3.93 2.92 12.6035
 8.15 4.52 3.36 0
KI29 11
 5.5 2.7 2.65 1.16167
 3.3 1.9 2.4 0.0772244
 5 2.7 2.65 0.344067
 5 2.2 2.65 0.137035
 6.5 3.5 2.75 2.73674
 6 3.3 2.6 0.0202534
 5.5 3.2 2.65 0.218602
 6.1 3.53 2.74 11.0825
 6.5 3.71 2.83 14.0345
 6.9 3.93 2.92 12.4798
 8.15 4.52 3.36 0
KI31 11
 5.5 2.7 2.65 1.02594
 3.3 1.9 2.4 0.0663137
 5 2.7 2.65 0.325296
 5 2.2 2.65 0.150211
 6.5 3.5 2.75 2.64029
 6 3.3 2.6 0.0122898
 5.5 3.2 2.65 0.193086
 6.1 3.53 2.74 11.3803
 6.5 3.71 2.83 14.3403
 6.9 3.93 2.92 12.7511
 8.15 4.52 3.36 0
KI33 11
 5.5 2.7 2.65 0.849894
 3.3 1.9 2.4 0.0723512
 5 2.7 2.65 0.432243
 5 2.2 2.65 0.162985
 6.5 3.5 2.75 2.20826
 6 3.3 2.6 0.0144512
 5.5 3.2 2.65 0.174566
 6.1 3.53 2.74 11.9891
 6.5 3.71 2.83 14.7572
 6.9 3.93 2.92 13.1198
 8.14 4.52 3.35 0
KI35 11
 5.5 2.7 2.65 0.751845
 3.3 1.9 2.4 0.0580676
 5 2.7 2.65 0.392073
 5 2.2 2.65 0.153695
 6.5 3.5 2.75 2.19031
 6 3.3 2.6 0.0287354
 5.5 3.2 2.65 0.143983
 6.1 3.53 2.74 12.2078
 6.5 3.71 2.83 15.1705
 6.9 3.93 2.92 13.4864
 8.14 4.52 3.35 0
KI37 11
 5.5 2.7 2.65 0.456881
 3.3 1.9 2.4 0.0441403
 5 2.7 2.65 0.206907
 5 2.2 2.65 0.140415
 6.5 3.5 2.75 2.19759
 6 3.3 2.6 0.105891
 5.5 3.2 2.65 0.0761992
 6.1 3.53 2.74 12.6431
 6.5 3.71 2.83 15.5153
 6.9 3.93 2.92 13.7927
 8.14 4.52 3.35 0
KI39 11
 5.5 2.7 2.65 0.394318
 3.3 1.9 2.4 0.0278436
 5 2.7 2.65 0.0808947
 5 2.2 2.65 0.168127
 6.5 3.5 2.75 1.75503
 6 3.3 2.6 0.196165
 5.5 3.2 2.65 0.0315886
 6.1 3.53 2.74 12.9088
 6.5 3.71 2.83 15.4325
 6.9 3.93 2.92 13.7198
 8.14 4.52 3.35 0
KI41 11
 5.5 2.7 2.65 0.240578
 3.3 1.9 2.4 0.0211207
 5 2.7 2.65 0.0383352
 5 2.2 2.65 0.165187
 6.5 3.5 2.75 1.57617
 6 3.3 2.6 0.241069
 5.5 3.2 2.65 0.006
 6.1 3.53 2.74 12.9769
 6.5 3.71 2.83 15.4087
 6.9 3.93 2.92 13.6994
 8.18 4.54 3.37 0
KI43 6
2.5 1.07 2.11 0.5
4.6 2.59 2.46 0.832929
6.1 3.53 2.74 13.6995
6.5 3.71 2.83 15.4162
6.9 3.93 2.92 13.7069
8.18 4.54 3.37 0
KI45 11
 5.5 2.7 2.65 0.0506584
 3.3 1.9 2.4 0.0130752
 5 2.7 2.65 0.002
 5 2.2 2.65 0.160472
 6.5 3.5 2.75 1.40394
 6 3.3 2.6 0.245702
 5.5 3.2 2.65 0.0100814
 6.1 3.53 2.74 12.4246
 6.5 3.71 2.83 14.5895
 6.9 3.93 2.92 12.9702
 8.18 4.54 3.37 0
KI47 6
2.5 1.07 2.11 0.7548
4.6 2.59 2.46 0.725955
6.1 3.53 2.74 12.3158
6.5 3.71 2.83 13.8594
6.9 3.93 2.92 12.3194
8.18 4.54 3.37 0
KI49 6
2.5 1.07 2.11 0.8751
4.6 2.59 2.46 0.717562
6.1 3.53 2.74 11.6958
6.5 3.71 2.83 13.1615
6.9 3.93 2.92 11.6976
8.18 4.54 3.37 0
KI51 6
2.5 1.07 2.11 0.99625
4.6 2.59 2.46 0.720567
6.1 3.53 2.74 11.1055
6.5 3.71 2.83 12.4966
6.9 3.93 2.92 11.1056
8.18 4.54 3.37 0
KI53 6
2.5 1.07 2.11 1
4.6 2.59 2.46 0.877234
6.1 3.53 2.74 12.1133
6.5 3.71 2.83 13.183
6.9 3.93 2.92 11.1954
8.18 4.54 3.37 0
KJ30 11
 5.5 2.7 2.65 0.810259
 3.3 1.9 2.4 0.0507491
 5 2.7 2.65 0.137889
 5 2.2 2.65 0.141025
 6.5 3.5 2.75 3.13647
 6 3.3 2.6 0.0298896
 5.5 3.2 2.65 0.174633
 6.1 3.53 2.74 11.1027
 6.5 3.71 2.83 14.377
 6.9 3.93 2.92 12.785
 8.15 4.52 3.36 0
KJ34 11
 5.5 2.7 2.65 0.570654
 3.3 1.9 2.4 0.0429625
 5 2.7 2.65 0.191636
 5 2.2 2.65 0.140866
 6.5 3.5 2.75 2.74664
 6 3.3 2.6 0.0418469
 5.5 3.2 2.65 0.141695
 6.1 3.53 2.74 11.9421
 6.5 3.71 2.83 15.0602
 6.9 3.93 2.92 13.3907
 8.14 4.52 3.35 0
KJ36 11
 5.5 2.7 2.65 0.384992
 3.3 1.9 2.4 0.0156584
 5 2.7 2.65 0.200541
 5 2.2 2.65 0.122934
 6.5 3.5 2.75 2.5075
 6 3.3 2.6 0.0757261
 5.5 3.2 2.65 0.100007
 6.1 3.53 2.74 12.5795
 6.5 3.71 2.83 15.6385
 6.9 3.93 2.92 13.9036
 8.14 4.52 3.35 0
KJ40 11
 5.5 2.7 2.65 0.242547
 3.3 1.9 2.4 0.0200861
 5 2.7 2.65 0.0704788
 5 2.2 2.65 0.158024
 6.5 3.5 2.75 1.87599
 6 3.3 2.6 0.216541
 5.5 3.2 2.65 0.0218604
 6.1 3.53 2.74 13.0026
 6.5 3.71 2.83 15.6458
 6.9 3.93 2.92 13.9104
 8.14 4.52 3.35 0
KJ42 6
2.5 1.07 2.11 0.5
4.6 2.59 2.46 0.996897
6.1 3.53 2.74 13.9028
6.5 3.71 2.83 15.6427
6.9 3.93 2.92 13.9084
8.18 4.54 3.37 0
KJ46 6
2.5 1.07 2.11 0.5693
4.6 2.59 2.46 0.820818
6.1 3.53 2.74 13.5473
6.5 3.71 2.83 15.2423
6.9 3.93 2.92 13.5523
8.18 4.54 3.37 0
KJ48 6
2.5 1.07 2.11 0.7263
4.6 2.59 2.46 0.826044
6.1 3.53 2.74 12.7829
6.5 3.71 2.83 14.3815
6.9 3.93 2.92 12.7859
8.18 4.54 3.37 0
KJ50 6
2.5 1.07 2.11 0.9596
4.6 2.59 2.46 0.819153
6.1 3.53 2.74 11.5958
6.5 3.71 2.83 13.0452
6.9 3.93 2.92 11.5963
8.18 4.54 3.37 0
KJ52 6
2.5 1.07 2.11 1
4.6 2.59 2.46 0.92035
6.1 3.53 2.74 12.9021
6.5 3.71 2.83 13.8107
6.9 3.93 2.92 11.4631
8.17 4.53 3.36 0
KK34 11
 5.5 2.7 2.65 0.343091
 3.3 1.9 2.4 0.0271619
 5 2.7 2.65 0.119863
 5 2.2 2.65 0.111989
 6.5 3.5 2.75 2.64602
 6 3.3 2.6 0.0822354
 5.5 3.2 2.65 0.10653
 6.1 3.53 2.74 12.3794
 6.5 3.71 2.83 15.4989
 6.9 3.93 2.92 13.7819
 8.16 4.53 3.36 0
KK36 11
 5.5 2.7 2.65 0.266699
 3.3 1.9 2.4 0.0234575
 5 2.7 2.65 0.155399
 5 2.2 2.65 0.0916985
 6.5 3.5 2.75 2.37914
 6 3.3 2.6 0.104228
 5.5 3.2 2.65 0.0844878
 6.1 3.53 2.74 12.9329
 6.5 3.71 2.83 15.9227
 6.9 3.93 2.92 14.1576
 8.16 4.53 3.36 0
KK38 11
 5.5 2.7 2.65 0.11218
 3.3 1.9 2.4 0.0176611
 5 2.7 2.65 0.103102
 5 2.2 2.65 0.117788
 6.5 3.5 2.75 2.03986
 6 3.3 2.6 0.15616
 5.5 3.2 2.65 0.0576262
 6.1 3.53 2.74 13.3456
 6.5 3.71 2.83 16.0686
 6.9 3.93 2.92 14.2875
 8.16 4.53 3.36 0
KK40 11
 5.5 2.7 2.65 0.0457713
 3.3 1.9 2.4 0.0114324
 5 2.7 2.65 0.0268404
 5 2.2 2.65 0.133387
 6.5 3.5 2.75 1.82977
 6 3.3 2.6 0.19295
 5.5 3.2 2.65 0.0511571
 6.1 3.53 2.74 13.5137
 6.5 3.71 2.83 16.0295
 6.9 3.93 2.92 14.253
 8.16 4.53 3.36 0
KK42 11
 5.5 2.7 2.65 0.0618787
 3.3 1.9 2.4 0.0060136
 5 2.7 2.65 0.002
 5 2.2 2.65 0.138754
 6.5 3.5 2.75 1.74733
 6 3.3 2.6 0.215975
 5.5 3.2 2.65 0.0441449
 6.1 3.53 2.74 13.4037
 6.5 3.71 2.83 15.9235
 6.9 3.93 2.92 14.1587
 8.17 4.53 3.36 0
KK44 11
 5.5 2.7 2.65 0.0511121
 3.3 1.9 2.4 0.0111947
 5 2.7 2.65 0.002
 5 2.2 2.65 0.107828
 6.5 3.5 2.75 1.59881
 6 3.3 2.6 0.217008
 5.5 3.2 2.65 0.0474767
 6.1 3.53 2.74 13.4095
 6.5 3.71 2.83 15.8366
 6.9 3.93 2.92 14.0816
 8.17 4.53 3.36 0
KK46 11
 5.5 2.7 2.65 0.0352643
 3.3 1.9 2.4 0.00991313
 5 2.7 2.65 0.002
 5 2.2 2.65 0.0888624
 6.5 3.5 2.75 1.44867
 6 3.3 2.6 0.207868
 5.5 3.2 2.65 0.0583938
 6.1 3.53 2.74 13.1394
 6.5 3.71 2.83 15.2251
 6.9 3.93 2.92 13.5379
 8.17 4.53 3.36 0
KK48 6
2.5 1.07 2.11 0.7779
4.6 2.59 2.46 0.919364
6.1 3.53 2.74 12.8267
6.5 3.71 2.83 14.4272
6.9 3.93 2.92 12.8284
8.17 4.53 3.36 0
KK50 6
2.5 1.07 2.11 0.8488
4.6 2.59 2.46 0.925623
6.1 3.53 2.74 12.4884
6.5 3.71 2.83 14.0462
6.9 3.93 2.92 12.4895
8.17 4.53 3.36 0
KK52 6
2.5 1.07 2.11 0.99545
4.6 2.59 2.46 0.963367
6.1 3.53 2.74 11.8661
6.5 3.71 2.83 13.3444
6.9 3.93 2.92 11.8661
8.17 4.53 3.36 0
LA17 11
 5.5 2.7 2.65 0.841254
 3.3 1.9 2.4 0.0198983
 5 2.7 2.65 0.323228
 5 2.2 2.65 0.050277
 6.5 3.5 2.75 0.859415
 6 3.3 2.6 0.121206
 5.5 3.2 2.65 0.192393
 6.1 3.53 2.74 12.8332
 6.5 3.71 2.83 14.6547
 6.9 3.93 2.92 13.0242
 8.15 4.52 3.36 0
LA19 11
 5.5 2.7 2.65 1.12215
 3.3 1.9 2.4 0.0397886
 5 2.7 2.65 0.337478
 5 2.2 2.65 0.0416412
 6.5 3.5 2.75 0.84551
 6 3.3 2.6 0.204337
 5.5 3.2 2.65 0.244946
 6.1 3.53 2.74 12.4179
 6.5 3.71 2.83 14.3262
 6.9 3.93 2.92 12.7318
 8.15 4.52 3.36 0
LA21 11
 5.5 2.7 2.65 1.28881
 3.3 1.9 2.4 0.0431605
 5 2.7 2.65 0.326735
 5 2.2 2.65 0.0652238
 6.5 3.5 2.75 0.711407
 6 3.3 2.6 0.196026
 5.5 3.2 2.65 0.216929
 6.1 3.53 2.74 12.4449
 6.5 3.71 2.83 14.0514
 6.9 3.93 2.92 12.4879
 8.15 4.52 3.36 0
LB16 11
 5.5 2.7 2.65 0.85441
 3.3 1.9 2.4 0.0183848
 5 2.7 2.65 0.202518
 5 2.2 2.65 0.0578046
 6.5 3.5 2.75 0.87169
 6 3.3 2.6 0.0673949
 5.5 3.2 2.65 0.117186
 6.1 3.53 2.74 13.1697
 6.5 3.71 2.83 14.9917
 6.9 3.93 2.92 13.324
 8.15 4.52 3.36 0
LB18 11
 5.5 2.7 2.65 1.08883
 3.3 1.9 2.4 0.0274516
 5 2.7 2.65 0.179134
 5 2.2 2.65 0.0707651
 6.5 3.5 2.75 1.06979
 6 3.3 2.6 0.134702
 5.5 3.2 2.65 0.188153
 6.1 3.53 2.74 12.5943
 6.5 3.71 2.83 14.5887
 6.9 3.93 2.92 12.9645
 8.15 4.52 3.36 0
LB20 11
 5.5 2.7 2.65 1.24166
 3.3 1.9 2.4 0.0433931
 5 2.7 2.65 0.308156
 5 2.2 2.65 0.0594377
 6.5 3.5 2.75 1.09213
 6 3.3 2.6 0.195596
 5.5 3.2 2.65 0.205168
 6.1 3.53 2.74 12.1627
 6.5 3.71 2.83 14.1195
 6.9 3.93 2.92 12.5457
 8.15 4.52 3.36 0
LB22 11
 5.5 2.7 2.65 1.38998
 3.3 1.9 2.4 0.0699198
 5 2.7 2.65 0.352609
 5 2.2 2.65 0.0563733
 6.5 3.5 2.75 1.19714
 6 3.3 2.6 0.170209
 5.5 3.2 2.65 0.131473
 6.1 3.53 2.74 11.9102
 6.5 3.71 2.83 13.7273
 6.9 3.93 2.92 12.1956
 8.15 4.52 3.36 0
LB24 11
 5.5 2.7 2.65 1.45435
 3.3 1.9 2.4 0.0618073
 5 2.7 2.65 0.402971
 5 2.2 2.65 0.068355
 6.5 3.5 2.75 1.21074
 6 3.3 2.6 0.160663
 5.5 3.2 2.65 0.152987
 6.1 3.53 2.74 11.8775
 6.5 3.71 2.83 13.9545
 6.9 3.93 2.92 12.4006
 8.15 4.52 3.36 0
LB26 11
 5.5 2.7 2.65 1.40176
 3.3 1.9 2.4 0.0676741
 5 2.7 2.65 0.379295
 5 2.2 2.65 0.0830787
 6.5 3.5 2.75 1.17183
 6 3.3 2.6 0.195925
 5.5 3.2 2.65 0.233583
 6.1 3.53 2.74 11.965
 6.5 3.71 2.83 14.1467
 6.9 3.93 2.92 12.5743
 8.15 4.52 3.36 0
LC15 11
 5.5 2.7 2.65 0.820333
 3.3 1.9 2.4 0.00280463
 5 2.7 2.65 0.168541
 5 2.2 2.65 0.056567
 6.5 3.5 2.75 0.836243
 6 3.3 2.6 0.052927
 5.5 3.2 2.65 0.0788528
 6.1 3.53 2.74 13.3241
 6.5 3.71 2.83 15.1236
 6.9 3.93 2.92 13.443
 8.15 4.52 3.36 0
LC19 11
 5.5 2.7 2.65 1.32631
 3.3 1.9 2.4 0.0388416
 5 2.7 2.65 0.251323
 5 2.2 2.65 0.0586628
 6.5 3.5 2.75 1.21865
 6 3.3 2.6 0.177689
 5.5 3.2 2.65 0.185489
 6.1 3.53 2.74 12.0922
 6.5 3.71 2.83 14.3158
 6.9 3.93 2.92 12.7215
 8.15 4.52 3.36 0
LC21 11
 5.5 2.7 2.65 1.48926
 3.3 1.9 2.4 0.0475792
 5 2.7 2.65 0.319307
 5 2.2 2.65 0.0482168
 6.5 3.5 2.75 1.42204
 6 3.3 2.6 0.200414
 5.5 3.2 2.65 0.117753
 6.1 3.53 2.74 11.7024
 6.5 3.71 2.83 13.9919
 6.9 3.93 2.92 12.4327
 8.15 4.52 3.36 0
LC25 11
 5.5 2.7 2.65 1.39103
 3.3 1.9 2.4 0.0685565
 5 2.7 2.65 0.383403
 5 2.2 2.65 0.0900586
 6.5 3.5 2.75 1.50331
 6 3.3 2.6 0.268585
 5.5 3.2 2.65 0.31248
 6.1 3.53 2.74 11.5509
 6.5 3.71 2.83 14.1244
 6.9 3.93 2.92 12.5546
 8.15 4.52 3.36 0
LD10 11
 5.5 2.7 2.65 0.145544
 3.3 1.9 2.4 0.002
 5 2.7 2.65 0.002
 5 2.2 2.65 0.002
 6.5 3.5 2.75 0.479096
 6 3.3 2.6 0.0674122
 5.5 3.2 2.65 0.0173998
 6.1 3.53 2.74 14.0464
 6.5 3.71 2.83 15.6286
 6.9 3.93 2.92 13.8912
 8.15 4.52 3.36 0
LD12 11
 5.5 2.7 2.65 0.409769
 3.3 1.9 2.4 0.000458222
 5 2.7 2.65 0.193414
 5 2.2 2.65 0.0479893
 6.5 3.5 2.75 0.321147
 6 3.3 2.6 0.0366714
 5.5 3.2 2.65 0.0327214
 6.1 3.53 2.74 13.9032
 6.5 3.71 2.83 15.4771
 6.9 3.93 2.92 13.7572
 8.15 4.52 3.36 0
LD14 11
 5.5 2.7 2.65 0.688271
 3.3 1.9 2.4 0.00330811
 5 2.7 2.65 0.195013
 5 2.2 2.65 0.0493503
 6.5 3.5 2.75 0.646425
 6 3.3 2.6 0.0351947
 5.5 3.2 2.65 0.0468511
 6.1 3.53 2.74 13.5359
 6.5 3.71 2.83 15.2825
 6.9 3.93 2.92 13.5853
 8.15 4.52 3.36 0
LD16 11
 5.5 2.7 2.65 0.819842
 3.3 1.9 2.4 0.002
 5 2.7 2.65 0.32672
 5 2.2 2.65 0.0548652
 6.5 3.5 2.75 0.920706
 6 3.3 2.6 0.0646827
 5.5 3.2 2.65 0.0830115
 6.1 3.53 2.74 13.0406
 6.5 3.71 2.83 14.9868
 6.9 3.93 2.92 13.3219
 8.15 4.52 3.36 0
LD18 11
 5.5 2.7 2.65 1.06169
 3.3 1.9 2.4 0.0137168
 5 2.7 2.65 0.350607
 5 2.2 2.65 0.0446217
 6.5 3.5 2.75 1.13062
 6 3.3 2.6 0.109242
 5.5 3.2 2.65 0.127679
 6.1 3.53 2.74 12.5026
 6.5 3.71 2.83 14.7155
 6.9 3.93 2.92 13.0796
 8.15 4.52 3.36 0
LD20 11
 5.5 2.7 2.65 1.42832
 3.3 1.9 2.4 0.0383553
 5 2.7 2.65 0.357869
 5 2.2 2.65 0.0416266
 6.5 3.5 2.75 1.27596
 6 3.3 2.6 0.169526
 5.5 3.2 2.65 0.156541
 6.1 3.53 2.74 11.9092
 6.5 3.71 2.83 14.3814
 6.9 3.93 2.92 12.7814
 8.15 4.52 3.36 0
LD22 11
 5.5 2.7 2.65 1.56548
 3.3 1.9 2.4 0.0642445
 5 2.7 2.65 0.348628
 5 2.2 2.65 0.0579561
 6.5 3.5 2.75 1.5986
 6 3.3 2.6 0.241817
 5.5 3.2 2.65 0.132035
 6.1 3.53 2.74 11.4496
 6.5 3.71 2.83 13.9549
 6.9 3.93 2.92 12.401
 8.15 4.52 3.36 0
LD24 11
 5.5 2.7 2.65 1.4723
 3.3 1.9 2.4 0.0692139
 5 2.7 2.65 0.439797
 5 2.2 2.65 0.0690658
 6.5 3.5 2.75 1.67682
 6 3.3 2.6 0.272267
 5.5 3.2 2.65 0.202023
 6.1 3.53 2.74 11.3176
 6.5 3.71 2.83 14.0189
 6.9 3.93 2.92 12.4593
 8.15 4.52 3.36 0
LE11 11
 5.5 2.7 2.65 0.257482
 3.3 1.9 2.4 0.002
 5 2.7 2.65 0.002
 5 2.2 2.65 0.0467741
 6.5 3.5 2.75 0.438064
 6 3.3 2.6 0.0409411
 5.5 3.2 2.65 0.0245161
 6.1 3.53 2.74 14.0358
 6.5 3.71 2.83 15.5253
 6.9 3.93 2.92 13.7994
 8.15 4.52 3.36 0
LE13 11
 5.5 2.7 2.65 0.525047
 3.3 1.9 2.4 0.00412564
 5 2.7 2.65 0.201694
 5 2.2 2.65 0.0576287
 6.5 3.5 2.75 0.5372
 6 3.3 2.6 0.0378263
 5.5 3.2 2.65 0.0330266
 6.1 3.53 2.74 13.6373
 6.5 3.71 2.83 15.3465
 6.9 3.93 2.92 13.6419
 8.2 4.55 3.37 0
LE15 11
 5.5 2.7 2.65 0.813472
 3.3 1.9 2.4 0.00717212
 5 2.7 2.65 0.171138
 5 2.2 2.65 0.0571046
 6.5 3.5 2.75 0.849084
 6 3.3 2.6 0.0560277
 5.5 3.2 2.65 0.0522981
 6.1 3.53 2.74 13.2448
 6.5 3.71 2.83 15.1618
 6.9 3.93 2.92 13.4796
 8.2 4.55 3.37 0
LE17 11
 5.5 2.7 2.65 1.17604
 3.3 1.9 2.4 0.0218035
 5 2.7 2.65 0.367216
 5 2.2 2.65 0.0349156
 6.5 3.5 2.75 1.01484
 6 3.3 2.6 0.109126
 5.5 3.2 2.65 0.10483
 6.1 3.53 2.74 12.4845
 6.5 3.71 2.83 14.807
 6.9 3.93 2.92 13.1624
 8.2 4.55 3.37 0
LE19 11
 5.5 2.7 2.65 1.38307
 3.3 1.9 2.4 0.0366716
 5 2.7 2.65 0.503712
 5 2.2 2.65 0.041113
 6.5 3.5 2.75 1.21088
 6 3.3 2.6 0.165624
 5.5 3.2 2.65 0.152575
 6.1 3.53 2.74 11.8979
 6.5 3.71 2.83 14.4561
 6.9 3.93 2.92 12.849
 8.15 4.52 3.36 0
LE21 11
 5.5 2.7 2.65 1.46338
 3.3 1.9 2.4 0.0552104
 5 2.7 2.65 0.55826
 5 2.2 2.65 0.0498016
 6.5 3.5 2.75 1.4086
 6 3.3 2.6 0.207248
 5.5 3.2 2.65 0.170757
 6.1 3.53 2.74 11.5477
 6.5 3.71 2.83 14.2363
 6.9 3.93 2.92 12.6527
 8.14 4.52 3.35 0
LE23 11
 5.5 2.7 2.65 1.53241
 3.3 1.9 2.4 0.0813583
 5 2.7 2.65 0.379091
 5 2.2 2.65 0.0660297
 6.5 3.5 2.75 1.75896
 6 3.3 2.6 0.264379
 5.5 3.2 2.65 0.192226
 6.1 3.53 2.74 11.2616
 6.5 3.71 2.83 14.0286
 6.9 3.93 2.92 12.4678
 8.15 4.52 3.36 0
LE25 11
 5.5 2.7 2.65 1.37119
 3.3 1.9 2.4 0.0898324
 5 2.7 2.65 0.534595
 5 2.2 2.65 0.0829475
 6.5 3.5 2.75 1.76148
 6 3.3 2.6 0.267613
 5.5 3.2 2.65 0.316549
 6.1 3.53 2.74 11.2589
 6.5 3.71 2.83 14.1059
 6.9 3.93 2.92 12.5389
 8.15 4.52 3.36 0
LF16 11
 5.5 2.7 2.65 0.799525
 3.3 1.9 2.4 0.0125168
 5 2.7 2.65 0.0258522
 5 2.2 2.65 0.0581599
 6.5 3.5 2.75 0.997829
 6 3.3 2.6 0.0700341
 5.5 3.2 2.65 0.0496725
 6.1 3.53 2.74 13.1883
 6.5 3.71 2.83 15.1574
 6.9 3.93 2.92 13.4765
 8.2 4.55 3.37 0
LF18 11
 5.5 2.7 2.65 0.978094
 3.3 1.9 2.4 0.0133159
 5 2.7 2.65 0.424891
 5 2.2 2.65 0.0398658
 6.5 3.5 2.75 1.29884
 6 3.3 2.6 0.125424
 5.5 3.2 2.65 0.102722
 6.1 3.53 2.74 12.3257
 6.5 3.71 2.83 14.8154
 6.9 3.93 2.92 13.1714
 8.2 4.55 3.37 0
LF20 11
 5.5 2.7 2.65 1.31507
 3.3 1.9 2.4 0.0428834
 5 2.7 2.65 0.455311
 5 2.2 2.65 0.0584225
 6.5 3.5 2.75 1.72164
 6 3.3 2.6 0.189413
 5.5 3.2 2.65 0.182532
 6.1 3.53 2.74 11.5056
 6.5 3.71 2.83 14.4713
 6.9 3.93 2.92 12.8638
 8.14 4.52 3.35 0
LF22 11
 5.5 2.7 2.65 1.26754
 3.3 1.9 2.4 0.0762413
 5 2.7 2.65 0.699684
 5 2.2 2.65 0.0631721
 6.5 3.5 2.75 1.81053
 6 3.3 2.6 0.220681
 5.5 3.2 2.65 0.235183
 6.1 3.53 2.74 11.1802
 6.5 3.71 2.83 14.2472
 6.9 3.93 2.92 12.6636
 8.14 4.52 3.35 0
LF24 11
 5.5 2.7 2.65 1.31302
 3.3 1.9 2.4 0.100353
 5 2.7 2.65 0.622562
 5 2.2 2.65 0.0698303
 6.5 3.5 2.75 1.87022
 6 3.3 2.6 0.241527
 5.5 3.2 2.65 0.266367
 6.1 3.53 2.74 11.1253
 6.5 3.71 2.83 14.1166
 6.9 3.93 2.92 12.5472
 8.14 4.52 3.35 0
LF26 11
 5.5 2.7 2.65 1.17476
 3.3 1.9 2.4 0.12213
 5 2.7 2.65 0.576749
 5 2.2 2.65 0.0765559
 6.5 3.5 2.75 2.04956
 6 3.3 2.6 0.201672
 5.5 3.2 2.65 0.336672
 6.1 3.53 2.74 11.2223
 6.5 3.71 2.83 14.1248
 6.9 3.93 2.92 12.5562
 8.14 4.52 3.35 0
LG19 11
 5.5 2.7 2.65 0.803723
 3.3 1.9 2.4 0.012796
 5 2.7 2.65 0.450224
 5 2.2 2.65 0.056131
 6.5 3.5 2.75 1.9259
 6 3.3 2.6 0.160257
 5.5 3.2 2.65 0.133474
 6.1 3.53 2.74 11.8874
 6.5 3.71 2.83 14.7193
 6.9 3.93 2.92 13.0867
 8.2 4.55 3.37 0
LG21 11
 5.5 2.7 2.65 1.16536
 3.3 1.9 2.4 0.0377979
 5 2.7 2.65 0.494575
 5 2.2 2.65 0.0633336
 6.5 3.5 2.75 2.00274
 6 3.3 2.6 0.191947
 5.5 3.2 2.65 0.201137
 6.1 3.53 2.74 11.366
 6.5 3.71 2.83 14.4811
 6.9 3.93 2.92 12.8733
 8.14 4.52 3.35 0
LG25 11
 5.5 2.7 2.65 1.03366
 3.3 1.9 2.4 0.0888223
 5 2.7 2.65 0.623239
 5 2.2 2.65 0.0693071
 6.5 3.5 2.75 2.34026
 6 3.3 2.6 0.208585
 5.5 3.2 2.65 0.311623
 6.1 3.53 2.74 11.0057
 6.5 3.71 2.83 14.21
 6.9 3.93 2.92 12.6312
 8.14 4.52 3.35 0
LG25A 11
 5.5 2.7 2.65 1.03366
 3.3 1.9 2.4 0.0888223
 5 2.7 2.65 0.623239
 5 2.2 2.65 0.0693071
 6.5 3.5 2.75 2.34026
 6 3.3 2.6 0.208585
 5.5 3.2 2.65 0.311623
 6.1 3.53 2.74 11.005
 6.5 3.71 2.83 14.2115
 6.9 3.93 2.92 12.6325
 8.14 4.52 3.35 0
LH16 11
 5.5 2.7 2.65 0.002
 3.3 1.9 2.4 0.002
 5 2.7 2.65 0.0216673
 5 2.2 2.65 0.0584443
 6.5 3.5 2.75 2.30983
 6 3.3 2.6 0.128834
 5.5 3.2 2.65 0.0695435
 6.1 3.53 2.74 12.5568
 6.5 3.71 2.83 14.8225
 6.9 3.93 2.92 13.1803
 8.2 4.55 3.37 0
LH18 11
 5.5 2.7 2.65 0.304173
 3.3 1.9 2.4 0.00462573
 5 2.7 2.65 0.38736
 5 2.2 2.65 0.0631389
 6.5 3.5 2.75 2.35597
 6 3.3 2.6 0.160836
 5.5 3.2 2.65 0.118171
 6.1 3.53 2.74 11.8769
 6.5 3.71 2.83 14.6704
 6.9 3.93 2.92 13.0442
 8.2 4.55 3.37 0
LH20 11
 5.5 2.7 2.65 0.802389
 3.3 1.9 2.4 0.0279546
 5 2.7 2.65 0.688672
 5 2.2 2.65 0.0679229
 6.5 3.5 2.75 2.25145
 6 3.3 2.6 0.192822
 5.5 3.2 2.65 0.21283
 6.1 3.53 2.74 11.305
 6.5 3.71 2.83 14.5685
 6.9 3.93 2.92 12.9523
 8.14 4.52 3.35 0
LH22 11
 5.5 2.7 2.65 0.563072
 3.3 1.9 2.4 0.0455304
 5 2.7 2.65 0.796546
 5 2.2 2.65 0.0713201
 6.5 3.5 2.75 2.77855
 6 3.3 2.6 0.190676
 5.5 3.2 2.65 0.326943
 6.1 3.53 2.74 10.9511
 6.5 3.71 2.83 14.3589
 6.9 3.93 2.92 12.7648
 8.14 4.52 3.35 0
LH24 11
 5.5 2.7 2.65 0.658755
 3.3 1.9 2.4 0.0899108
 5 2.7 2.65 0.35422
 5 2.2 2.65 0.0646824
 6.5 3.5 2.75 2.86949
 6 3.3 2.6 0.152726
 5.5 3.2 2.65 0.407098
 6.1 3.53 2.74 11.2172
 6.5 3.71 2.83 14.2359
 6.9 3.93 2.92 12.6558
 8.14 4.52 3.35 0
LI21 6
2.5 1.07 2.11 0.5
4.6 2.59 2.46 2.17848
6.1 3.53 2.74 12.8882
6.5 3.71 2.83 14.5023
6.9 3.93 2.92 12.8929
8.14 4.52 3.35 0
LOKY 11
 5.5 2.7 2.65 0.198453
 3.3 1.9 2.4 0.0177676
 5 2.7 2.65 0.601909
 5 2.2 2.65 0.0779073
 6.5 3.5 2.75 3.48624
 6 3.3 2.6 0.133443
 5.5 3.2 2.65 0.34349
 6.1 3.53 2.74 10.8445
 6.5 3.71 2.83 14.4309
 6.9 3.93 2.92 12.8296
 8.14 4.52 3.35 0
MD02 5
2.5 1.07 2.11 0.381095
6.1 3.53 2.74 13.6072
6.5 3.71 2.83 15.3072
6.9 3.93 2.92 13.6043
8.28 4.59 3.4 0
MD04 11
 5.5 2.7 2.65 0.002
 3.3 1.9 2.4 0.002
 5 2.7 2.65 0.002
 5 2.2 2.65 0.002
 6.5 3.5 2.75 0.976324
 6 3.3 2.6 0.0918658
 5.5 3.2 2.65 0.00680731
 6.1 3.53 2.74 13.1404
 6.5 3.71 2.83 15.5243
 6.9 3.93 2.92 13.7969
 8.28 4.59 3.4 0
MD06 6
2.5 1.07 2.11 0.354041
4.6 2.59 2.46 0.0930206
6.1 3.53 2.74 13.9381
6.5 3.71 2.83 15.6821
6.9 3.93 2.92 13.9371
8.15 4.52 3.36 0
MD08 6
2.5 1.07 2.11 0.355931
4.6 2.59 2.46 0.127134
6.1 3.53 2.74 14.0629
6.5 3.71 2.83 15.8233
6.9 3.93 2.92 14.0628
8.15 4.52 3.36 0
ME01 11
 5.5 2.7 2.65 0.002
 3.3 1.9 2.4 0.002
 5 2.7 2.65 0.002
 5 2.2 2.65 0.002
 6.5 3.5 2.75 0.722654
 6 3.3 2.6 0.0801528
 5.5 3.2 2.65 0.00610175
 6.1 3.53 2.74 13.1842
 6.5 3.71 2.83 15.3585
 6.9 3.93 2.92 13.6469
 8.26 4.58 3.4 0
ME03 5
2.5 1.07 2.11 0.352051
6.1 3.53 2.74 13.7729
6.5 3.71 2.83 15.4962
6.9 3.93 2.92 13.7692
8.26 4.58 3.4 0
ME05 5
2.5 1.07 2.11 0.368118
6.1 3.53 2.74 13.9083
6.5 3.71 2.83 15.6501
6.9 3.93 2.92 13.9063
8.2 4.55 3.37 0
ME07 11
 5.5 2.7 2.65 0.002
 3.3 1.9 2.4 0.002
 5 2.7 2.65 0.002
 5 2.2 2.65 0.002
 6.5 3.5 2.75 0.437911
 6 3.3 2.6 0.0553096
 5.5 3.2 2.65 0.00635072
 6.1 3.53 2.74 13.928
 6.5 3.71 2.83 15.8015
 6.9 3.93 2.92 14.0405
 8.2 4.55 3.37 0
ME09 5
2.5 1.07 2.11 0.772562
6.1 3.53 2.74 13.9078
6.5 3.71 2.83 15.6497
6.9 3.93 2.92 13.9078
8.2 4.55 3.37 0
MF02 5
2.5 1.07 2.11 0.322996
6.1 3.53 2.74 13.7467
6.5 3.71 2.83 15.4667
6.9 3.93 2.92 13.7412
8.26 4.58 3.4 0
MF04 5
2.5 1.07 2.11 0.300068
6.1 3.53 2.74 13.8711
6.5 3.71 2.83 15.6093
6.9 3.93 2.92 13.8673
8.26 4.58 3.4 0
MF08 5
2.5 1.07 2.11 0.264682
6.1 3.53 2.74 14.0479
6.5 3.71 2.83 15.8119
6.9 3.93 2.92 14.0469
8.2 4.55 3.37 0
MF10 5
2.5 1.07 2.11 0.500488
6.1 3.53 2.74 14.0013
6.5 3.71 2.83 15.7582
6.9 3.93 2.92 14.0013
8.2 4.55 3.37 0
MF12 11
 5.5 2.7 2.65 0.00398042
 3.3 1.9 2.4 0.002
 5 2.7 2.65 0.002
 5 2.2 2.65 0.002
 6.5 3.5 2.75 0.490703
 6 3.3 2.6 0.0286228
 5.5 3.2 2.65 0.024938
 6.1 3.53 2.74 14.2007
 6.5 3.71 2.83 15.5547
 6.9 3.93 2.92 13.8233
 8.2 4.55 3.37 0
MF14 11
 5.5 2.7 2.65 0.30025
 3.3 1.9 2.4 0.00369176
 5 2.7 2.65 0.002
 5 2.2 2.65 0.002
 6.5 3.5 2.75 0.80521
 6 3.3 2.6 0.0473421
 5.5 3.2 2.65 0.0300712
 6.1 3.53 2.74 13.7369
 6.5 3.71 2.83 15.3633
 6.9 3.93 2.92 13.6564
 8.2 4.55 3.37 0
MG03 5
2.5 1.07 2.11 0.263673
6.1 3.53 2.74 13.8467
6.5 3.71 2.83 15.5819
6.9 3.93 2.92 13.8406
8.26 4.58 3.4 0
MG05 11
 5.5 2.7 2.65 0.002
 3.3 1.9 2.4 0.002
 5 2.7 2.65 0.002
 5 2.2 2.65 0.002
 6.5 3.5 2.75 0.237085
 6 3.3 2.6 0.0389926
 5.5 3.2 2.65 0.00600546
 6.1 3.53 2.74 13.8657
 6.5 3.71 2.83 15.7207
 6.9 3.93 2.92 13.9623
 8.2 4.55 3.37 0
MG07 11
 5.5 2.7 2.65 0.002
 3.3 1.9 2.4 0.002
 5 2.7 2.65 0.002
 5 2.2 2.65 0.002
 6.5 3.5 2.75 0.416663
 6 3.3 2.6 0.00899824
 5.5 3.2 2.65 0.00788265
 6.1 3.53 2.74 13.8838
 6.5 3.71 2.83 15.8422
 6.9 3.93 2.92 14.0707
 8.2 4.55 3.37 0
MG09 11
 5.5 2.7 2.65 0.002
 3.3 1.9 2.4 0.002
 5 2.7 2.65 0.002
 5 2.2 2.65 0.002
 6.5 3.5 2.75 0.390717
 6 3.3 2.6 0.0104421
 5.5 3.2 2.65 0.020062
 6.1 3.53 2.74 13.9899
 6.5 3.71 2.83 15.7843
 6.9 3.93 2.92 14.0216
 8.2 4.55 3.37 0
MG13 11
 5.5 2.7 2.65 0.002
 3.3 1.9 2.4 0.002
 5 2.7 2.65 0.002
 5 2.2 2.65 0.002
 6.5 3.5 2.75 0.729924
 6 3.3 2.6 0.0591442
 5.5 3.2 2.65 0.0375591
 6.1 3.53 2.74 13.9892
 6.5 3.71 2.83 15.4042
 6.9 3.93 2.92 13.6915
 8.2 4.55 3.37 0
MG15 6
2.5 1.07 2.11 0.462642
4.6 2.59 2.46 1.08733
6.1 3.53 2.74 13.4912
6.5 3.71 2.83 15.1736
6.9 3.93 2.92 13.4912
8.2 4.55 3.37 0
MG15A 11
 5.5 2.7 2.65 0.002
 3.3 1.9 2.4 0.002
 5 2.7 2.65 0.002
 5 2.2 2.65 0.002
 6.5 3.5 2.75 1.49881
 6 3.3 2.6 0.0899633
 5.5 3.2 2.65 0.0438612
 6.1 3.53 2.74 13.4321
 6.5 3.71 2.83 15.1562
 6.9 3.93 2.92 13.476
 8.2 4.55 3.37 0
MH14 6
2.5 1.07 2.11 0.414396
4.6 2.59 2.46 0.961617
6.1 3.53 2.74 13.4716
6.5 3.71 2.83 15.1538
6.9 3.93 2.92 13.4717
8.2 4.55 3.37 0
NB28 11
 5.5 2.7 2.65 1.07777
 3.3 1.9 2.4 0.0705195
 5 2.7 2.65 0.38715
 5 2.2 2.65 0.106908
 6.5 3.5 2.75 1.40955
 6 3.3 2.6 0.244735
 5.5 3.2 2.65 0.494399
 6.1 3.53 2.74 11.9056
 6.5 3.71 2.83 14.3989
 6.9 3.93 2.92 12.8023
 8.15 4.52 3.36 0
NC27 11
 5.5 2.7 2.65 1.23578
 3.3 1.9 2.4 0.0734628
 5 2.7 2.65 0.375735
 5 2.2 2.65 0.102206
 6.5 3.5 2.75 1.4698
 6 3.3 2.6 0.269421
 5.5 3.2 2.65 0.468719
 6.1 3.53 2.74 11.692
 6.5 3.71 2.83 14.2532
 6.9 3.93 2.92 12.6714
 8.15 4.52 3.36 0
NC29 11
 5.5 2.7 2.65 1.04497
 3.3 1.9 2.4 0.0727616
 5 2.7 2.65 0.378056
 5 2.2 2.65 0.10172
 6.5 3.5 2.75 1.507
 6 3.3 2.6 0.229636
 5.5 3.2 2.65 0.550986
 6.1 3.53 2.74 11.9121
 6.5 3.71 2.83 14.4119
 6.9 3.93 2.92 12.8148
 8.15 4.52 3.36 0
NC31 11
 5.5 2.7 2.65 0.804939
 3.3 1.9 2.4 0.0619979
 5 2.7 2.65 0.342675
 5 2.2 2.65 0.099175
 6.5 3.5 2.75 1.45598
 6 3.3 2.6 0.173102
 5.5 3.2 2.65 0.572187
 6.1 3.53 2.74 12.1728
 6.5 3.71 2.83 14.5563
 6.9 3.93 2.92 12.9414
 8.15 4.52 3.36 0
NC33 11
 5.5 2.7 2.65 0.657561
 3.3 1.9 2.4 0.0546829
 5 2.7 2.65 0.30642
 5 2.2 2.65 0.130161
 6.5 3.5 2.75 1.3483
 6 3.3 2.6 0.137625
 5.5 3.2 2.65 0.516446
 6.1 3.53 2.74 12.4814
 6.5 3.71 2.83 14.6361
 6.9 3.93 2.92 13.0111
 8.15 4.52 3.36 0
ND26 11
 5.5 2.7 2.65 1.35438
 3.3 1.9 2.4 0.0739393
 5 2.7 2.65 0.483355
 5 2.2 2.65 0.0925145
 6.5 3.5 2.75 1.50592
 6 3.3 2.6 0.287322
 5.5 3.2 2.65 0.371216
 6.1 3.53 2.74 11.4705
 6.5 3.71 2.83 14.1532
 6.9 3.93 2.92 12.5811
 8.15 4.52 3.36 0
ND28 11
 5.5 2.7 2.65 1.29422
 3.3 1.9 2.4 0.08486
 5 2.7 2.65 0.44557
 5 2.2 2.65 0.0966172
 6.5 3.5 2.75 1.61694
 6 3.3 2.6 0.235537
 5.5 3.2 2.65 0.453013
 6.1 3.53 2.74 11.596
 6.5 3.71 2.83 14.2064
 6.9 3.93 2.92 12.6305
 8.15 4.52 3.36 0
ND30 11
 5.5 2.7 2.65 0.947666
 3.3 1.9 2.4 0.0735065
 5 2.7 2.65 0.357534
 5 2.2 2.65 0.102605
 6.5 3.5 2.75 1.56855
 6 3.3 2.6 0.140816
 5.5 3.2 2.65 0.492146
 6.1 3.53 2.74 12.1211
 6.5 3.71 2.83 14.4308
 6.9 3.93 2.92 12.8301
 8.15 4.52 3.36 0
ND32 11
 5.5 2.7 2.65 0.760179
 3.3 1.9 2.4 0.0617814
 5 2.7 2.65 0.302676
 5 2.2 2.65 0.129584
 6.5 3.5 2.75 1.40668
 6 3.3 2.6 0.11303
 5.5 3.2 2.65 0.477855
 6.1 3.53 2.74 12.4582
 6.5 3.71 2.83 14.5812
 6.9 3.93 2.92 12.9625
 8.15 4.52 3.36 0
NE27 11
 5.5 2.7 2.65 1.35527
 3.3 1.9 2.4 0.092119
 5 2.7 2.65 0.486702
 5 2.2 2.65 0.0938215
 6.5 3.5 2.75 1.68839
 6 3.3 2.6 0.229611
 5.5 3.2 2.65 0.385357
 6.1 3.53 2.74 11.4665
 6.5 3.71 2.83 14.139
 6.9 3.93 2.92 12.5698
 8.15 4.52 3.36 0
NE29 11
 5.5 2.7 2.65 1.07404
 3.3 1.9 2.4 0.0816189
 5 2.7 2.65 0.404763
 5 2.2 2.65 0.108077
 6.5 3.5 2.75 1.63548
 6 3.3 2.6 0.140893
 5.5 3.2 2.65 0.449108
 6.1 3.53 2.74 11.9805
 6.5 3.71 2.83 14.2973
 6.9 3.93 2.92 12.7122
 8.15 4.52 3.36 0
NE31 11
 5.5 2.7 2.65 0.905987
 3.3 1.9 2.4 0.0683297
 5 2.7 2.65 0.362579
 5 2.2 2.65 0.131651
 6.5 3.5 2.75 1.5625
 6 3.3 2.6 0.0818459
 5.5 3.2 2.65 0.407192
 6.1 3.53 2.74 12.3052
 6.5 3.71 2.83 14.45
 6.9 3.93 2.92 12.8465
 8.15 4.52 3.36 0
NE33 11
 5.5 2.7 2.65 0.701399
 3.3 1.9 2.4 0.0535991
 5 2.7 2.65 0.255075
 5 2.2 2.65 0.154726
 6.5 3.5 2.75 1.2973
 6 3.3 2.6 0.0767893
 5.5 3.2 2.65 0.382655
 6.1 3.53 2.74 12.7858
 6.5 3.71 2.83 14.6855
 6.9 3.93 2.92 13.0542
 8.15 4.52 3.36 0
NF32 11
 5.5 2.7 2.65 0.890809
 3.3 1.9 2.4 0.0679975
 5 2.7 2.65 0.359762
 5 2.2 2.65 0.145932
 6.5 3.5 2.75 1.68382
 6 3.3 2.6 0.0445161
 5.5 3.2 2.65 0.332233
 6.1 3.53 2.74 12.3468
 6.5 3.71 2.83 14.4515
 6.9 3.93 2.92 12.8475
 8.15 4.52 3.36 0
OLIL 11
 5.5 2.7 2.65 1.48661
 3.3 1.9 2.4 0.054386
 5 2.7 2.65 0.255608
 5 2.2 2.65 0.0813022
 6.5 3.5 2.75 0.8891
 6 3.3 2.6 0.149029
 5.5 3.2 2.65 0.218323
 6.1 3.53 2.74 12.207
 6.5 3.71 2.83 14.1347
 6.9 3.93 2.92 12.5652
 8.15 4.52 3.36 0
PBMO 6
2.5 1.07 2.11 0.396431
4.6 2.59 2.46 0.718494
6.1 3.53 2.74 12.8885
6.5 3.71 2.83 14.5119
6.9 3.93 2.92 12.8952
8.23 4.56 3.39 0
PVMO 11
 5.5 2.7 2.65 0.002
 3.3 1.9 2.4 0.002
 5 2.7 2.65 0.002
 5 2.2 2.65 0.002
 6.5 3.5 2.75 1.21601
 6 3.3 2.6 0.11155
 5.5 3.2 2.65 0.193432
 6.1 3.53 2.74 11.9902
 6.5 3.71 2.83 12.7629
 6.9 3.93 2.92 11.3489
 8.17 4.53 3.36 0
Q41A 5
2.5 1.07 2.11 0.550236
6.1 3.53 2.74 13.3566
6.5 3.71 2.83 15.0269
6.9 3.93 2.92 13.3554
8.28 4.59 3.4 0
Q42A 11
 5.5 2.7 2.65 0.002
 3.3 1.9 2.4 0.002
 5 2.7 2.65 0.002
 5 2.2 2.65 0.044358
 6.5 3.5 2.75 0.560315
 6 3.3 2.6 0.0959302
 5.5 3.2 2.65 0.0379019
 6.1 3.53 2.74 13.4634
 6.5 3.71 2.83 15.1059
 6.9 3.93 2.92 13.4263
 8.15 4.52 3.36 0
Q43A 11
 5.5 2.7 2.65 0.493567
 3.3 1.9 2.4 0.0367559
 5 2.7 2.65 0.136145
 5 2.2 2.65 0.0531339
 6.5 3.5 2.75 0.769334
 6 3.3 2.6 0.0496049
 5.5 3.2 2.65 0.0382205
 6.1 3.53 2.74 13.1296
 6.5 3.71 2.83 14.7747
 6.9 3.93 2.92 13.1326
 8.15 4.52 3.36 0
Q44A 11
 5.5 2.7 2.65 0.85246
 3.3 1.9 2.4 0.034584
 5 2.7 2.65 0.246294
 5 2.2 2.65 0.0613676
 6.5 3.5 2.75 0.797399
 6 3.3 2.6 0.15758
 5.5 3.2 2.65 0.287166
 6.1 3.53 2.74 12.648
 6.5 3.71 2.83 14.4522
 6.9 3.93 2.92 12.8461
 8.15 4.52 3.36 0
Q45A 11
 5.5 2.7 2.65 1.43298
 3.3 1.9 2.4 0.0489918
 5 2.7 2.65 0.14165
 5 2.2 2.65 0.0790383
 6.5 3.5 2.75 0.873588
 6 3.3 2.6 0.157756
 5.5 3.2 2.65 0.278121
 6.1 3.53 2.74 12.2716
 6.5 3.71 2.83 14.1893
 6.9 3.93 2.92 12.6154
 8.15 4.52 3.36 0
Q46A 11
 5.5 2.7 2.65 0.713999
 3.3 1.9 2.4 0.0384402
 5 2.7 2.65 0.273375
 5 2.2 2.65 0.0918892
 6.5 3.5 2.75 0.892926
 6 3.3 2.6 0.246136
 5.5 3.2 2.65 0.524764
 6.1 3.53 2.74 12.2713
 6.5 3.71 2.83 14.3693
 6.9 3.93 2.92 12.7813
 8.17 4.53 3.36 0
Q47A 11
 5.5 2.7 2.65 0.225142
 3.3 1.9 2.4 0.0360165
 5 2.7 2.65 0.103244
 5 2.2 2.65 0.166403
 6.5 3.5 2.75 0.918843
 6 3.3 2.6 0.241545
 5.5 3.2 2.65 0.372727
 6.1 3.53 2.74 13.1256
 6.5 3.71 2.83 15.0907
 6.9 3.93 2.92 13.4121
 8.15 4.52 3.36 0
Q48A 6
2.5 1.07 2.11 0.5
4.6 2.59 2.46 0.825125
6.1 3.53 2.74 13.9257
6.5 3.71 2.83 15.6651
6.9 3.93 2.92 13.9213
8.17 4.53 3.36 0
Q49A 5
2.5 1.07 2.11 0.999401
6.1 3.53 2.74 13.0316
6.5 3.71 2.83 14.6642
6.9 3.93 2.92 13.0296
8.15 4.52 3.36 0
Q50A 6
2.5 1.07 2.11 0.935844
4.6 2.59 2.46 0.0683969
6.1 3.53 2.74 12.5613
6.5 3.71 2.83 14.1366
6.9 3.93 2.92 12.563
8.17 4.53 3.36 0
Q51A 5
2.5 1.07 2.11 1.20231
6.1 3.53 2.74 12.6864
6.5 3.71 2.83 14.2768
6.9 3.93 2.92 12.6909
8.16 4.53 3.36 0
Q52A 6
2.5 1.07 2.11 1
4.6 2.59 2.46 1.56216
6.1 3.53 2.74 13.3308
6.5 3.71 2.83 14.459
6.9 3.93 2.92 12.2258
8.16 4.53 3.36 0
R41A 5
2.5 1.07 2.11 0.403715
6.1 3.53 2.74 13.5827
6.5 3.71 2.83 15.279
6.9 3.93 2.92 13.581
8.28 4.59 3.4 0
R42A 6
2.5 1.07 2.11 0.402115
4.6 2.59 2.46 0.11013
6.1 3.53 2.74 13.8964
6.5 3.71 2.83 15.6331
6.9 3.93 2.92 13.8958
8.15 4.52 3.36 0
R43A 11
 5.5 2.7 2.65 0.409022
 3.3 1.9 2.4 0.00490314
 5 2.7 2.65 0.131338
 5 2.2 2.65 0.0453547
 6.5 3.5 2.75 0.44447
 6 3.3 2.6 0.047489
 5.5 3.2 2.65 0.0423442
 6.1 3.53 2.74 13.8647
 6.5 3.71 2.83 15.4869
 6.9 3.93 2.92 13.7663
 8.15 4.52 3.36 0
R44A 11
 5.5 2.7 2.65 1.12659
 3.3 1.9 2.4 0.0197499
 5 2.7 2.65 0.336366
 5 2.2 2.65 0.0517219
 6.5 3.5 2.75 1.13284
 6 3.3 2.6 0.122532
 5.5 3.2 2.65 0.149207
 6.1 3.53 2.74 12.4103
 6.5 3.71 2.83 14.6616
 6.9 3.93 2.92 13.0309
 8.15 4.52 3.36 0
R45A 11
 5.5 2.7 2.65 1.51754
 3.3 1.9 2.4 0.0595306
 5 2.7 2.65 0.374496
 5 2.2 2.65 0.0640605
 6.5 3.5 2.75 1.55749
 6 3.3 2.6 0.226539
 5.5 3.2 2.65 0.139971
 6.1 3.53 2.74 11.514
 6.5 3.71 2.83 13.9592
 6.9 3.93 2.92 12.4052
 8.15 4.52 3.36 0
R46A 11
 5.5 2.7 2.65 1.097
 3.3 1.9 2.4 0.0763859
 5 2.7 2.65 0.387093
 5 2.2 2.65 0.0984254
 6.5 3.5 2.75 1.55818
 6 3.3 2.6 0.221802
 5.5 3.2 2.65 0.536907
 6.1 3.53 2.74 11.8653
 6.5 3.71 2.83 14.3407
 6.9 3.93 2.92 12.7513
 8.15 4.52 3.36 0
R47A 11
 5.5 2.7 2.65 0.461528
 3.3 1.9 2.4 0.0372209
 5 2.7 2.65 0.153969
 5 2.2 2.65 0.181211
 6.5 3.5 2.75 1.07168
 6 3.3 2.6 0.150019
 5.5 3.2 2.65 0.375386
 6.1 3.53 2.74 13.0807
 6.5 3.71 2.83 14.874
 6.9 3.93 2.92 13.2195
 8.15 4.52 3.36 0
R48A 11
 5.5 2.7 2.65 0.120566
 3.3 1.9 2.4 0.0321948
 5 2.7 2.65 0.0792543
 5 2.2 2.65 0.187963
 6.5 3.5 2.75 0.988176
 6 3.3 2.6 0.217985
 5.5 3.2 2.65 0.252671
 6.1 3.53 2.74 13.9412
 6.5 3.71 2.83 15.9299
 6.9 3.93 2.92 14.158
 8.17 4.53 3.36 0
R49A 6
2.5 1.07 2.11 0.638288
4.6 2.59 2.46 0.552053
6.1 3.53 2.74 13.7761
6.5 3.71 2.83 15.4965
6.9 3.93 2.92 13.7722
8.17 4.53 3.36 0
R50A 5
2.5 1.07 2.11 1.11298
6.1 3.53 2.74 12.1781
6.5 3.71 2.83 13.7061
6.9 3.93 2.92 12.1781
8.17 4.53 3.36 0
R51A 6
2.5 1.07 2.11 0.993327
4.6 2.59 2.46 0.448176
6.1 3.53 2.74 12.4405
6.5 3.71 2.83 13.9995
6.9 3.93 2.92 12.4405
8.17 4.53 3.36 0
R52A 6
2.5 1.07 2.11 1
4.6 2.59 2.46 1.56913
6.1 3.53 2.74 13.6616
6.5 3.71 2.83 14.7705
6.9 3.93 2.92 12.4338
8.16 4.53 3.36 0
S41A 5
2.5 1.07 2.11 0.331194
6.1 3.53 2.74 13.9045
6.5 3.71 2.83 15.6424
6.9 3.93 2.92 13.8998
8.26 4.58 3.4 0
S42A 5
2.5 1.07 2.11 0.281104
6.1 3.53 2.74 13.9762
6.5 3.71 2.83 15.7297
6.9 3.93 2.92 13.9741
8.2 4.55 3.37 0
S43A 5
2.5 1.07 2.11 0.807119
6.1 3.53 2.74 13.8256
6.5 3.71 2.83 15.5586
6.9 3.93 2.92 13.8256
8.2 4.55 3.37 0
S44A 11
 5.5 2.7 2.65 0.464119
 3.3 1.9 2.4 0.00461939
 5 2.7 2.65 0.456853
 5 2.2 2.65 0.0490386
 6.5 3.5 2.75 1.53343
 6 3.3 2.6 0.114562
 5.5 3.2 2.65 0.0800017
 6.1 3.53 2.74 12.5833
 6.5 3.71 2.83 14.8957
 6.9 3.93 2.92 13.2437
 8.2 4.55 3.37 0
S45A 11
 5.5 2.7 2.65 1.05647
 3.3 1.9 2.4 0.070683
 5 2.7 2.65 0.660709
 5 2.2 2.65 0.0686932
 6.5 3.5 2.75 2.24122
 6 3.3 2.6 0.209019
 5.5 3.2 2.65 0.2757
 6.1 3.53 2.74 11.0291
 6.5 3.71 2.83 14.2846
 6.9 3.93 2.92 12.6975
 8.14 4.52 3.35 0
S46A 11
 5.5 2.7 2.65 1.20338
 3.3 1.9 2.4 0.118039
 5 2.7 2.65 0.610584
 5 2.2 2.65 0.109327
 6.5 3.5 2.75 2.0065
 6 3.3 2.6 0.0815437
 5.5 3.2 2.65 0.293883
 6.1 3.53 2.74 11.5516
 6.5 3.71 2.83 14.0512
 6.9 3.93 2.92 12.4926
 8.15 4.52 3.36 0
S47A 11
 5.5 2.7 2.65 0.767007
 3.3 1.9 2.4 0.0568439
 5 2.7 2.65 0.002
 5 2.2 2.65 0.002
 6.5 3.5 2.75 2.41109
 6 3.3 2.6 0.0136465
 5.5 3.2 2.65 0.220247
 6.1 3.53 2.74 12.48
 6.5 3.71 2.83 14.6554
 6.9 3.93 2.92 13.0275
 8.14 4.52 3.35 0
S48A 11
 5.5 2.7 2.65 0.248561
 3.3 1.9 2.4 0.0265796
 5 2.7 2.65 0.186715
 5 2.2 2.65 0.16379
 6.5 3.5 2.75 1.01484
 6 3.3 2.6 0.167806
 5.5 3.2 2.65 0.107176
 6.1 3.53 2.74 13.5357
 6.5 3.71 2.83 15.2127
 6.9 3.93 2.92 13.5228
 8.14 4.52 3.35 0
S49A 6
2.5 1.07 2.11 0.600196
4.6 2.59 2.46 0.647422
6.1 3.53 2.74 13.2593
6.5 3.71 2.83 14.9208
6.9 3.93 2.92 13.2627
8.18 4.54 3.37 0
S50A 6
2.5 1.07 2.11 0.983885
4.6 2.59 2.46 0.504108
6.1 3.53 2.74 10.9376
6.5 3.71 2.83 12.3138
6.9 3.93 2.92 10.9376
8.18 4.54 3.37 0
S51A 6
2.5 1.07 2.11 0.998698
4.6 2.59 2.46 1.31398
6.1 3.53 2.74 12.0798
6.5 3.71 2.83 13.5978
6.9 3.93 2.92 12.0798
8.18 4.54 3.37 0
S52A 6
2.5 1.07 2.11 1
4.6 2.59 2.46 1.96656
6.1 3.53 2.74 14.1104
6.5 3.71 2.83 14.4035
6.9 3.93 2.92 11.0883
8.18 4.54 3.37 0
SOKY 11
 5.5 2.7 2.65 0.229014
 3.3 1.9 2.4 0.0132378
 5 2.7 2.65 0.179456
 5 2.2 2.65 0.15606
 6.5 3.5 2.75 1.31774
 6 3.3 2.6 0.192067
 5.5 3.2 2.65 0.0652902
 6.1 3.53 2.74 13.115
 6.5 3.71 2.83 15.1498
 6.9 3.93 2.92 13.4677
 8.18 4.54 3.37 0
T41A 5
2.5 1.07 2.11 0.561625
6.1 3.53 2.74 13.6361
6.5 3.71 2.83 15.3416
6.9 3.93 2.92 13.6335
8.26 4.58 3.4 0
T42A 5
2.5 1.07 2.11 0.662304
6.1 3.53 2.74 13.3451
6.5 3.71 2.83 15.0206
6.9 3.93 2.92 13.3439
8.26 4.58 3.4 0
T43A 5
2.5 1.07 2.11 0.919333
6.1 3.53 2.74 13.2468
6.5 3.71 2.83 14.9122
6.9 3.93 2.92 13.2501
8.2 4.55 3.37 0
T44A 11
 5.5 2.7 2.65 0.002
 3.3 1.9 2.4 0.002
 5 2.7 2.65 0.002
 5 2.2 2.65 0.002
 6.5 3.5 2.75 1.69255
 6 3.3 2.6 0.128835
 5.5 3.2 2.65 0.0297679
 6.1 3.53 2.74 12.4899
 6.5 3.71 2.83 14.1039
 6.9 3.93 2.92 12.5411
 8.2 4.55 3.37 0
T45A 6
2.5 1.07 2.11 0.5
4.6 2.59 2.46 2.02933
6.1 3.53 2.74 12.9667
6.5 3.71 2.83 14.5855
6.9 3.93 2.92 12.9671
8.14 4.52 3.35 0
T46A 11
 5.5 2.7 2.65 0.556229
 3.3 1.9 2.4 0.0337603
 5 2.7 2.65 0.002
 5 2.2 2.65 0.0460977
 6.5 3.5 2.75 3.98561
 6 3.3 2.6 0.0624687
 5.5 3.2 2.65 0.249305
 6.1 3.53 2.74 10.5843
 6.5 3.71 2.83 14.3492
 6.9 3.93 2.92 12.7593
 8.15 4.52 3.36 0
T47A 11
 5.5 2.7 2.65 0.553233
 3.3 1.9 2.4 0.0256435
 5 2.7 2.65 0.193773
 5 2.2 2.65 0.136078
 6.5 3.5 2.75 2.96538
 6 3.3 2.6 0.0495042
 5.5 3.2 2.65 0.144076
 6.1 3.53 2.74 11.5778
 6.5 3.71 2.83 14.8727
 6.9 3.93 2.92 13.2256
 8.15 4.52 3.36 0
T48A 11
 5.5 2.7 2.65 0.330056
 3.3 1.9 2.4 0.0292692
 5 2.7 2.65 0.162624
 5 2.2 2.65 0.122457
 6.5 3.5 2.75 2.27767
 6 3.3 2.6 0.120982
 5.5 3.2 2.65 0.0665217
 6.1 3.53 2.74 12.8358
 6.5 3.71 2.83 15.7572
 6.9 3.93 2.92 14.0089
 8.14 4.52 3.35 0
T49A 6
2.5 1.07 2.11 0.5
4.6 2.59 2.46 0.842131
6.1 3.53 2.74 13.8875
6.5 3.71 2.83 15.6254
6.9 3.93 2.92 13.8934
8.18 4.54 3.37 0
T50A 6
2.5 1.07 2.11 0.8308
4.6 2.59 2.46 0.838481
6.1 3.53 2.74 12.3009
6.5 3.71 2.83 13.8383
6.9 3.93 2.92 12.3026
8.18 4.54 3.37 0
T51A 6
2.5 1.07 2.11 1
4.6 2.59 2.46 0.950629
6.3 3.63 2.79 14.1624
6.6 3.8 2.86 14.5008
7 3.99 2.95 11.2277
8.17 4.53 3.36 0
T52A 6
2.5 1.07 2.11 0.797992
4.6 2.59 2.46 1.53654
6.3 3.63 2.79 16.6156
6.6 3.8 2.86 15.5142
7 3.99 2.95 10.0991
8.19 4.54 3.37 0
U40A 5
2.5 1.07 2.11 0.704797
6.1 3.53 2.74 14.0063
6.5 3.71 2.83 15.7558
6.9 3.93 2.92 14.0063
8.25 4.57 3.39 0
U41A 6
2.5 1.07 2.11 0.464527
4.6 2.59 2.46 0.60185
6.1 3.53 2.74 13.224
6.5 3.71 2.83 14.8779
6.9 3.93 2.92 13.224
8.23 4.56 3.39 0
U42A 11
 5.5 2.7 2.65 0.002
 3.3 1.9 2.4 0.002
 5 2.7 2.65 0.002
 5 2.2 2.65 0.002
 6.5 3.5 2.75 2.0014
 6 3.3 2.6 0.121119
 5.5 3.2 2.65 0.398361
 6.1 3.53 2.74 11.3505
 6.5 3.71 2.83 14.0803
 6.9 3.93 2.92 12.5127
 8.23 4.56 3.39 0
U43A 11
 5.5 2.7 2.65 0.002
 3.3 1.9 2.4 0.002
 5 2.7 2.65 0.002
 5 2.2 2.65 0.002
 6.5 3.5 2.75 2.0268
 6 3.3 2.6 0.132045
 5.5 3.2 2.65 0.451182
 6.1 3.53 2.74 11.2326
 6.5 3.71 2.83 13.699
 6.9 3.93 2.92 12.1741
 8.23 4.56 3.39 0
U44A 11
 5.5 2.7 2.65 0.002
 3.3 1.9 2.4 0.002
 5 2.7 2.65 0.002
 5 2.2 2.65 0.002
 6.5 3.5 2.75 1.32045
 6 3.3 2.6 0.114613
 5.5 3.2 2.65 0.129667
 6.1 3.53 2.74 11.9145
 6.5 3.71 2.83 12.7871
 6.9 3.93 2.92 11.3704
 8.17 4.53 3.36 0
U45A 6
2.5 1.07 2.11 0.5
4.6 2.59 2.46 1.69043
6.1 3.53 2.74 12.5621
6.5 3.71 2.83 14.1215
6.9 3.93 2.92 12.5563
8.17 4.53 3.36 0
U46A 6
2.5 1.07 2.11 0.5
4.6 2.59 2.46 1.4818
6.1 3.53 2.74 12.9991
6.5 3.71 2.83 14.6114
6.9 3.93 2.92 12.9928
8.17 4.53 3.36 0
U47A 11
 5.5 2.7 2.65 0.128956
 3.3 1.9 2.4 0.0200947
 5 2.7 2.65 0.111433
 5 2.2 2.65 0.0984553
 6.5 3.5 2.75 2.40112
 6 3.3 2.6 0.138803
 5.5 3.2 2.65 0.0707546
 6.1 3.53 2.74 11.8562
 6.5 3.71 2.83 14.8898
 6.9 3.93 2.92 13.2447
 8.15 4.52 3.36 0
U48A 6
2.5 1.07 2.11 0.5
4.6 2.59 2.46 0.829307
6.1 3.53 2.74 14.8387
6.5 3.71 2.83 16.6954
6.9 3.93 2.92 14.8482
8.16 4.53 3.36 0
U49A 6
2.5 1.07 2.11 0.5
4.6 2.59 2.46 0.94562
6.1 3.53 2.74 14.6292
6.5 3.71 2.83 16.4542
6.9 3.93 2.92 14.6321
8.17 4.53 3.36 0
U50A 6
2.5 1.07 2.11 0.778552
4.6 2.59 2.46 1.08512
6.1 3.53 2.74 13.6457
6.5 3.71 2.83 15.0696
6.9 3.93 2.92 13.0885
8.17 4.53 3.36 0
U51A 6
2.5 1.07 2.11 0.88487
4.6 2.59 2.46 0.756958
6.1 3.53 2.74 16.5177
6.5 3.71 2.83 15.9365
6.9 3.93 2.92 11.1133
8.17 4.53 3.36 0
U52A 6
2.5 1.07 2.11 0.774376
4.6 2.59 2.46 0.387117
6.3 3.63 2.79 19.6299
6.6 3.8 2.86 17.2895
7 3.99 2.95 9.81433
8.17 4.53 3.36 0
UALR 5
2.5 1.07 2.11 1.56763
6.1 3.53 2.74 10.8473
6.5 3.71 2.83 12.2017
6.9 3.93 2.92 10.8412
8.17 4.53 3.36 0
USIN 11
 5.5 2.7 2.65 1.30777
 3.3 1.9 2.4 0.0915991
 5 2.7 2.65 0.467851
 5 2.2 2.65 0.100296
 6.5 3.5 2.75 1.6778
 6 3.3 2.6 0.20077
 5.5 3.2 2.65 0.406723
 6.1 3.53 2.74 11.6173
 6.5 3.71 2.83 14.1625
 6.9 3.93 2.92 12.5917
 8.15 4.52 3.36 0
UTMT 6
2.5 1.07 2.11 0.5
4.6 2.59 2.46 1.71586
6.1 3.53 2.74 12.3652
6.5 3.71 2.83 13.9007
6.9 3.93 2.92 12.3604
8.17 4.53 3.36 0
