BLO 6
2.5 1.07 2.11 0.5
4.6 2.59 2.46 1.1758
6.1 3.53 2.74 13.4366
6.5 3.71 2.83 15.1176
6.9 3.93 2.92 13.4367
8.17 4.53 3.36 0
CACT 6
2.5 1.07 2.11 0.5
4.6 2.59 2.46 1.90546
6.1 3.53 2.74 11.2328
6.5 3.71 2.83 12.6317
6.9 3.93 2.92 11.2347
8.17 4.53 3.36 0
CBHS 6
2.5 1.07 2.11 0.750787
4.6 2.59 2.46 3.0517
6.1 3.53 2.74 10.5989
6.5 3.71 2.83 11.928
6.9 3.93 2.92 10.6052
8.15 4.52 3.36 0
CBHT 6
2.5 1.07 2.11 0.750661
4.6 2.59 2.46 3.05168
6.1 3.53 2.74 10.5982
6.5 3.71 2.83 11.9273
6.9 3.93 2.92 10.6045
8.15 4.52 3.36 0
CCM 5
2.5 1.07 2.11 0.375453
6.1 3.53 2.74 13.7129
6.5 3.71 2.83 15.4274
6.9 3.93 2.92 13.7096
8.28 4.59 3.4 0
CGM3 6
2.5 1.07 2.11 0.449515
4.6 2.59 2.46 1.14108
6.1 3.53 2.74 13.0778
6.5 3.71 2.83 14.7095
6.9 3.93 2.92 13.0782
8.2 4.55 3.37 0
CLTN 6
2.5 1.07 2.11 0.5
4.6 2.59 2.46 0.91593
6.1 3.53 2.74 14.8669
6.5 3.71 2.83 16.7247
6.9 3.93 2.92 14.8752
8.16 4.53 3.36 0
FVM 5
2.5 1.07 2.11 0.487548
6.1 3.53 2.74 14.0393
6.5 3.71 2.83 15.799
6.9 3.93 2.92 14.0393
8.2 4.55 3.37 0
HDAR2 6
2.5 1.07 2.11 0.775333
4.6 2.59 2.46 3.19932
6.1 3.53 2.74 10.3338
6.5 3.71 2.83 11.6315
6.9 3.93 2.92 10.3379
8.21 4.55 3.38 0
KF28 6
2.5 1.07 2.11 0.5
4.6 2.59 2.46 2.88792
6.1 3.53 2.74 12.521
6.5 3.71 2.83 14.0871
6.9 3.93 2.92 12.5241
8.15 4.52 3.36 0
KF30 6
2.5 1.07 2.11 0.5
4.6 2.59 2.46 2.80574
6.1 3.53 2.74 12.6506
6.5 3.71 2.83 14.2283
6.9 3.93 2.92 12.6506
8.15 4.52 3.36 0
KF34 6
2.5 1.07 2.11 0.5
4.6 2.59 2.46 2.23365
6.1 3.53 2.74 13.0983
6.5 3.71 2.83 14.7355
6.9 3.93 2.92 13.0983
8.14 4.52 3.35 0
KG27 6
2.5 1.07 2.11 0.5
4.6 2.59 2.46 2.90017
6.1 3.53 2.74 12.5162
6.5 3.71 2.83 14.0829
6.9 3.93 2.92 12.5202
8.15 4.52 3.36 0
KG29 6
2.5 1.07 2.11 0.5
4.6 2.59 2.46 3.05066
6.1 3.53 2.74 12.4989
6.5 3.71 2.83 14.0574
6.9 3.93 2.92 12.4989
8.15 4.52 3.36 0
KG31 6
2.5 1.07 2.11 0.5
4.6 2.59 2.46 2.76587
6.1 3.53 2.74 12.7422
6.5 3.71 2.83 14.3327
6.9 3.93 2.92 12.7422
8.15 4.52 3.36 0
KG35 6
2.5 1.07 2.11 0.5
4.6 2.59 2.46 2.09397
6.1 3.53 2.74 13.2844
6.5 3.71 2.83 14.9458
6.9 3.93 2.92 13.2844
8.14 4.52 3.35 0
KG37 6
2.5 1.07 2.11 0.5
4.6 2.59 2.46 1.68004
6.1 3.53 2.74 13.4548
6.5 3.71 2.83 15.1388
6.9 3.93 2.92 13.4563
8.14 4.52 3.35 0
KG41 6
2.5 1.07 2.11 0.5
4.6 2.59 2.46 1.01486
6.1 3.53 2.74 13.62
6.5 3.71 2.83 15.3265
6.9 3.93 2.92 13.625
8.18 4.54 3.37 0
KH26 6
2.5 1.07 2.11 0.5
4.6 2.59 2.46 2.83598
6.1 3.53 2.74 12.5643
6.5 3.71 2.83 14.1374
6.9 3.93 2.92 12.569
8.14 4.52 3.35 0
KH28 6
2.5 1.07 2.11 0.5
4.6 2.59 2.46 3.0949
6.1 3.53 2.74 12.439
6.5 3.71 2.83 13.9928
6.9 3.93 2.92 12.441
8.15 4.52 3.36 0
KH30 6
2.5 1.07 2.11 0.5
4.6 2.59 2.46 3.19279
6.1 3.53 2.74 12.4032
6.5 3.71 2.83 13.9498
6.9 3.93 2.92 12.4032
8.15 4.52 3.36 0
KH32 6
2.5 1.07 2.11 0.5
4.6 2.59 2.46 2.86332
6.1 3.53 2.74 12.6451
6.5 3.71 2.83 14.2227
6.9 3.93 2.92 12.6453
8.15 4.52 3.36 0
KH34 6
2.5 1.07 2.11 0.5
4.6 2.59 2.46 2.51378
6.1 3.53 2.74 12.9966
6.5 3.71 2.83 14.6202
6.9 3.93 2.92 12.9967
8.14 4.52 3.35 0
KH36 6
2.5 1.07 2.11 0.5
4.6 2.59 2.46 2.11084
6.1 3.53 2.74 13.3465
6.5 3.71 2.83 15.0155
6.9 3.93 2.92 13.3468
8.14 4.52 3.35 0
KH38 6
2.5 1.07 2.11 0.5
4.6 2.59 2.46 1.64813
6.1 3.53 2.74 13.5895
6.5 3.71 2.83 15.2905
6.9 3.93 2.92 13.5921
8.14 4.52 3.35 0
KH42 6
2.5 1.07 2.11 0.5
4.6 2.59 2.46 0.990314
6.1 3.53 2.74 13.4611
6.5 3.71 2.83 15.1498
6.9 3.93 2.92 13.4689
8.18 4.54 3.37 0
KH44 6
2.5 1.07 2.11 0.517743
4.6 2.59 2.46 0.693038
6.1 3.53 2.74 13.3542
6.5 3.71 2.83 15.0311
6.9 3.93 2.92 13.3639
8.18 4.54 3.37 0
KH46 6
2.5 1.07 2.11 0.6259
4.6 2.59 2.46 0.662904
6.1 3.53 2.74 12.7342
6.5 3.71 2.83 14.3335
6.9 3.93 2.92 12.7414
8.18 4.54 3.37 0
KH48 6
2.5 1.07 2.11 0.7474
4.6 2.59 2.46 0.628177
6.1 3.53 2.74 12.0342
6.5 3.71 2.83 13.5462
6.9 3.93 2.92 12.0389
8.18 4.54 3.37 0
KH49 6
2.5 1.07 2.11 0.88235
4.6 2.59 2.46 0.58523
6.1 3.53 2.74 11.2409
6.5 3.71 2.83 12.6541
6.9 3.93 2.92 11.2431
8.18 4.54 3.37 0
KH50 6
2.5 1.07 2.11 1
4.6 2.59 2.46 0.592987
6.1 3.53 2.74 10.6625
6.5 3.71 2.83 11.9887
6.9 3.93 2.92 10.6323
8.18 4.54 3.37 0
KH54 6
2.5 1.07 2.11 1
4.6 2.59 2.46 0.881489
6.1 3.53 2.74 11.345
6.5 3.71 2.83 12.6313
6.9 3.93 2.92 11.0586
8.18 4.54 3.37 0
KH56 6
2.5 1.07 2.11 1
4.6 2.59 2.46 1.05114
6.1 3.53 2.74 12.3318
6.5 3.71 2.83 13.3875
6.9 3.93 2.92 11.3238
8.18 4.54 3.37 0
KI25 6
2.5 1.07 2.11 0.5
4.6 2.59 2.46 2.54299
6.1 3.53 2.74 12.7095
6.5 3.71 2.83 14.2992
6.9 3.93 2.92 12.713
8.14 4.52 3.35 0
KI27 6
2.5 1.07 2.11 0.5
4.6 2.59 2.46 2.64601
6.1 3.53 2.74 12.6018
6.5 3.71 2.83 14.1747
6.9 3.93 2.92 12.6035
8.15 4.52 3.36 0
KI29 6
2.5 1.07 2.11 0.5
4.6 2.59 2.46 2.79487
6.1 3.53 2.74 12.4795
6.5 3.71 2.83 14.0345
6.9 3.93 2.92 12.4798
8.15 4.52 3.36 0
KI31 6
2.5 1.07 2.11 0.5
4.6 2.59 2.46 2.55027
6.1 3.53 2.74 12.7506
6.5 3.71 2.83 14.3403
6.9 3.93 2.92 12.7511
8.15 4.52 3.36 0
KI33 6
2.5 1.07 2.11 0.5
4.6 2.59 2.46 2.30614
6.1 3.53 2.74 13.1189
6.5 3.71 2.83 14.7572
6.9 3.93 2.92 13.1198
8.14 4.52 3.35 0
KI35 6
2.5 1.07 2.11 0.5
4.6 2.59 2.46 1.97352
6.1 3.53 2.74 13.4848
6.5 3.71 2.83 15.1705
6.9 3.93 2.92 13.4864
8.14 4.52 3.35 0
KI37 6
2.5 1.07 2.11 0.5
4.6 2.59 2.46 1.60363
6.1 3.53 2.74 13.7897
6.5 3.71 2.83 15.5153
6.9 3.93 2.92 13.7927
8.14 4.52 3.35 0
KI39 6
2.5 1.07 2.11 0.5
4.6 2.59 2.46 1.34058
6.1 3.53 2.74 13.7153
6.5 3.71 2.83 15.4325
6.9 3.93 2.92 13.7198
8.14 4.52 3.35 0
KI39A 6
2.5 1.07 2.11 0.5
4.6 2.59 2.46 1.43303
6.1 3.53 2.74 13.7181
6.5 3.71 2.83 15.4354
6.9 3.93 2.92 13.7221
8.14 4.52 3.35 0
KI41 6
2.5 1.07 2.11 0.5
4.6 2.59 2.46 1.07686
6.1 3.53 2.74 13.6934
6.5 3.71 2.83 15.4087
6.9 3.93 2.92 13.6994
8.18 4.54 3.37 0
KI43 6
2.5 1.07 2.11 0.5
4.6 2.59 2.46 0.832929
6.1 3.53 2.74 13.6995
6.5 3.71 2.83 15.4162
6.9 3.93 2.92 13.7069
8.18 4.54 3.37 0
KI45 6
2.5 1.07 2.11 0.63305
4.6 2.59 2.46 0.741684
6.1 3.53 2.74 12.9645
6.5 3.71 2.83 14.5895
6.9 3.93 2.92 12.9702
8.18 4.54 3.37 0
KI47 6
2.5 1.07 2.11 0.7548
4.6 2.59 2.46 0.725955
6.1 3.53 2.74 12.3158
6.5 3.71 2.83 13.8594
6.9 3.93 2.92 12.3194
8.18 4.54 3.37 0
KI49 6
2.5 1.07 2.11 0.8751
4.6 2.59 2.46 0.717562
6.1 3.53 2.74 11.6958
6.5 3.71 2.83 13.1615
6.9 3.93 2.92 11.6976
8.18 4.54 3.37 0
KI51 6
2.5 1.07 2.11 0.99625
4.6 2.59 2.46 0.720567
6.1 3.53 2.74 11.1055
6.5 3.71 2.83 12.4966
6.9 3.93 2.92 11.1056
8.18 4.54 3.37 0
KI53 6
2.5 1.07 2.11 1
4.6 2.59 2.46 0.877234
6.1 3.53 2.74 12.1133
6.5 3.71 2.83 13.183
6.9 3.93 2.92 11.1954
8.18 4.54 3.37 0
KJ30 6
2.5 1.07 2.11 0.5
4.6 2.59 2.46 2.28298
6.1 3.53 2.74 12.7844
6.5 3.71 2.83 14.377
6.9 3.93 2.92 12.785
8.15 4.52 3.36 0
KJ34 6
2.5 1.07 2.11 0.5
4.6 2.59 2.46 1.93349
6.1 3.53 2.74 13.3885
6.5 3.71 2.83 15.0602
6.9 3.93 2.92 13.3907
8.14 4.52 3.35 0
KJ36 6
2.5 1.07 2.11 0.5
4.6 2.59 2.46 1.60498
6.1 3.53 2.74 13.9
6.5 3.71 2.83 15.6385
6.9 3.93 2.92 13.9036
8.14 4.52 3.35 0
KJ40 6
2.5 1.07 2.11 0.5
4.6 2.59 2.46 1.20455
6.1 3.53 2.74 13.9054
6.5 3.71 2.83 15.6458
6.9 3.93 2.92 13.9104
8.14 4.52 3.35 0
KJ42 6
2.5 1.07 2.11 0.5
4.6 2.59 2.46 0.996897
6.1 3.53 2.74 13.9028
6.5 3.71 2.83 15.6427
6.9 3.93 2.92 13.9084
8.18 4.54 3.37 0
KJ46 6
2.5 1.07 2.11 0.5693
4.6 2.59 2.46 0.820818
6.1 3.53 2.74 13.5473
6.5 3.71 2.83 15.2423
6.9 3.93 2.92 13.5523
8.18 4.54 3.37 0
KJ48 6
2.5 1.07 2.11 0.7263
4.6 2.59 2.46 0.826044
6.1 3.53 2.74 12.7829
6.5 3.71 2.83 14.3815
6.9 3.93 2.92 12.7859
8.18 4.54 3.37 0
KJ50 6
2.5 1.07 2.11 0.9596
4.6 2.59 2.46 0.819153
6.1 3.53 2.74 11.5958
6.5 3.71 2.83 13.0452
6.9 3.93 2.92 11.5963
8.18 4.54 3.37 0
KJ52 6
2.5 1.07 2.11 1
4.6 2.59 2.46 0.92035
6.1 3.53 2.74 12.9021
6.5 3.71 2.83 13.8107
6.9 3.93 2.92 11.4631
8.17 4.53 3.36 0
KK34 6
2.5 1.07 2.11 0.5
4.6 2.59 2.46 1.53587
6.1 3.53 2.74 13.7779
6.5 3.71 2.83 15.4989
6.9 3.93 2.92 13.7819
8.16 4.53 3.36 0
KK36 6
2.5 1.07 2.11 0.5
4.6 2.59 2.46 1.38413
6.1 3.53 2.74 14.1524
6.5 3.71 2.83 15.9227
6.9 3.93 2.92 14.1576
8.16 4.53 3.36 0
KK38 6
2.5 1.07 2.11 0.5
4.6 2.59 2.46 1.19748
6.1 3.53 2.74 14.2819
6.5 3.71 2.83 16.0686
6.9 3.93 2.92 14.2875
8.16 4.53 3.36 0
KK40 6
2.5 1.07 2.11 0.5
4.6 2.59 2.46 1.07631
6.1 3.53 2.74 14.248
6.5 3.71 2.83 16.0295
6.9 3.93 2.92 14.253
8.16 4.53 3.36 0
KK42 6
2.5 1.07 2.11 0.5
4.6 2.59 2.46 0.976326
6.1 3.53 2.74 14.1542
6.5 3.71 2.83 15.9235
6.9 3.93 2.92 14.1587
8.17 4.53 3.36 0
KK44 6
2.5 1.07 2.11 0.5034
4.6 2.59 2.46 0.877971
6.1 3.53 2.74 14.0775
6.5 3.71 2.83 15.8366
6.9 3.93 2.92 14.0816
8.17 4.53 3.36 0
KK46 6
2.5 1.07 2.11 0.6266
4.6 2.59 2.46 0.901805
6.1 3.53 2.74 13.5352
6.5 3.71 2.83 15.2251
6.9 3.93 2.92 13.5379
8.17 4.53 3.36 0
KK48 6
2.5 1.07 2.11 0.7779
4.6 2.59 2.46 0.919364
6.1 3.53 2.74 12.8267
6.5 3.71 2.83 14.4272
6.9 3.93 2.92 12.8284
8.17 4.53 3.36 0
KK50 6
2.5 1.07 2.11 0.8488
4.6 2.59 2.46 0.925623
6.1 3.53 2.74 12.4884
6.5 3.71 2.83 14.0462
6.9 3.93 2.92 12.4895
8.17 4.53 3.36 0
KK52 6
2.5 1.07 2.11 0.99545
4.6 2.59 2.46 0.963367
6.1 3.53 2.74 11.8661
6.5 3.71 2.83 13.3444
6.9 3.93 2.92 11.8661
8.17 4.53 3.36 0
LA17 6
2.5 1.07 2.11 0.5
4.6 2.59 2.46 1.72382
6.1 3.53 2.74 13.0211
6.5 3.71 2.83 14.6547
6.9 3.93 2.92 13.0242
8.15 4.52 3.36 0
LA19 6
2.5 1.07 2.11 0.5
4.6 2.59 2.46 2.01395
6.1 3.53 2.74 12.7268
6.5 3.71 2.83 14.3262
6.9 3.93 2.92 12.7318
8.15 4.52 3.36 0
LA21 6
2.5 1.07 2.11 0.5
4.6 2.59 2.46 2.31385
6.1 3.53 2.74 12.4811
6.5 3.71 2.83 14.0514
6.9 3.93 2.92 12.4879
8.15 4.52 3.36 0
LB16 6
2.5 1.07 2.11 0.5
4.6 2.59 2.46 1.54182
6.1 3.53 2.74 13.3221
6.5 3.71 2.83 14.9917
6.9 3.93 2.92 13.324
8.15 4.52 3.36 0
LB18 6
2.5 1.07 2.11 0.5
4.6 2.59 2.46 1.87856
6.1 3.53 2.74 12.96
6.5 3.71 2.83 14.5887
6.9 3.93 2.92 12.9645
8.15 4.52 3.36 0
LB20 6
2.5 1.07 2.11 0.5
4.6 2.59 2.46 2.25644
6.1 3.53 2.74 12.5384
6.5 3.71 2.83 14.1195
6.9 3.93 2.92 12.5457
8.15 4.52 3.36 0
LB22 6
2.5 1.07 2.11 0.5
4.6 2.59 2.46 2.59056
6.1 3.53 2.74 12.1858
6.5 3.71 2.83 13.7273
6.9 3.93 2.92 12.1956
8.15 4.52 3.36 0
LB24 6
2.5 1.07 2.11 0.5
4.6 2.59 2.46 2.50721
6.1 3.53 2.74 12.3936
6.5 3.71 2.83 13.9545
6.9 3.93 2.92 12.4006
8.15 4.52 3.36 0
LB26 6
2.5 1.07 2.11 0.5
4.6 2.59 2.46 2.43139
6.1 3.53 2.74 12.5695
6.5 3.71 2.83 14.1467
6.9 3.93 2.92 12.5743
8.15 4.52 3.36 0
LC15 6
2.5 1.07 2.11 0.5
4.6 2.59 2.46 1.3938
6.1 3.53 2.74 13.4421
6.5 3.71 2.83 15.1236
6.9 3.93 2.92 13.443
8.15 4.52 3.36 0
LC19 6
2.5 1.07 2.11 0.5
4.6 2.59 2.46 2.12499
6.1 3.53 2.74 12.715
6.5 3.71 2.83 14.3158
6.9 3.93 2.92 12.7215
8.15 4.52 3.36 0
LC21 6
2.5 1.07 2.11 0.5
4.6 2.59 2.46 2.43006
6.1 3.53 2.74 12.4238
6.5 3.71 2.83 13.9919
6.9 3.93 2.92 12.4327
8.15 4.52 3.36 0
LC25 6
2.5 1.07 2.11 0.5
4.6 2.59 2.46 2.52955
6.1 3.53 2.74 12.5497
6.5 3.71 2.83 14.1244
6.9 3.93 2.92 12.5546
8.15 4.52 3.36 0
LD10 6
2.5 1.07 2.11 0.409946
4.6 2.59 2.46 0.499217
6.1 3.53 2.74 13.8912
6.5 3.71 2.83 15.6286
6.9 3.93 2.92 13.8912
8.15 4.52 3.36 0
LD12 6
2.5 1.07 2.11 0.440197
4.6 2.59 2.46 0.779419
6.1 3.53 2.74 13.7572
6.5 3.71 2.83 15.4771
6.9 3.93 2.92 13.7572
8.15 4.52 3.36 0
LD14 6
2.5 1.07 2.11 0.48318
4.6 2.59 2.46 1.13367
6.1 3.53 2.74 13.5853
6.5 3.71 2.83 15.2825
6.9 3.93 2.92 13.5853
8.15 4.52 3.36 0
LD16 6
2.5 1.07 2.11 0.5
4.6 2.59 2.46 1.4974
6.1 3.53 2.74 13.3201
6.5 3.71 2.83 14.9868
6.9 3.93 2.92 13.3219
8.15 4.52 3.36 0
LD18 6
2.5 1.07 2.11 0.5
4.6 2.59 2.46 1.76989
6.1 3.53 2.74 13.0757
6.5 3.71 2.83 14.7155
6.9 3.93 2.92 13.0796
8.15 4.52 3.36 0
LD20 6
2.5 1.07 2.11 0.5
4.6 2.59 2.46 2.10718
6.1 3.53 2.74 12.7749
6.5 3.71 2.83 14.3814
6.9 3.93 2.92 12.7814
8.15 4.52 3.36 0
LD22 6
2.5 1.07 2.11 0.5
4.6 2.59 2.46 2.57382
6.1 3.53 2.74 12.3917
6.5 3.71 2.83 13.9549
6.9 3.93 2.92 12.401
8.15 4.52 3.36 0
LD24 6
2.5 1.07 2.11 0.5
4.6 2.59 2.46 2.58371
6.1 3.53 2.74 12.452
6.5 3.71 2.83 14.0189
6.9 3.93 2.92 12.4593
8.15 4.52 3.36 0
LE11 6
2.5 1.07 2.11 0.411038
4.6 2.59 2.46 0.671019
6.1 3.53 2.74 13.7994
6.5 3.71 2.83 15.5253
6.9 3.93 2.92 13.7994
8.15 4.52 3.36 0
LE13 6
2.5 1.07 2.11 0.447484
4.6 2.59 2.46 0.959711
6.1 3.53 2.74 13.6419
6.5 3.71 2.83 15.3465
6.9 3.93 2.92 13.6419
8.2 4.55 3.37 0
LE15 6
2.5 1.07 2.11 0.5
4.6 2.59 2.46 1.26352
6.1 3.53 2.74 13.4794
6.5 3.71 2.83 15.1618
6.9 3.93 2.92 13.4796
8.2 4.55 3.37 0
LE17 6
2.5 1.07 2.11 0.5
4.6 2.59 2.46 1.67121
6.1 3.53 2.74 13.1592
6.5 3.71 2.83 14.807
6.9 3.93 2.92 13.1624
8.2 4.55 3.37 0
LE19 6
2.5 1.07 2.11 0.5
4.6 2.59 2.46 2.06141
6.1 3.53 2.74 12.8428
6.5 3.71 2.83 14.4561
6.9 3.93 2.92 12.849
8.15 4.52 3.36 0
LE21 6
2.5 1.07 2.11 0.5
4.6 2.59 2.46 2.31067
6.1 3.53 2.74 12.6446
6.5 3.71 2.83 14.2363
6.9 3.93 2.92 12.6527
8.14 4.52 3.35 0
LE23 6
2.5 1.07 2.11 0.5
4.6 2.59 2.46 2.58657
6.1 3.53 2.74 12.4591
6.5 3.71 2.83 14.0286
6.9 3.93 2.92 12.4678
8.15 4.52 3.36 0
LE25 6
2.5 1.07 2.11 0.5
4.6 2.59 2.46 2.66892
6.1 3.53 2.74 12.5335
6.5 3.71 2.83 14.1059
6.9 3.93 2.92 12.5389
8.15 4.52 3.36 0
LF16 6
2.5 1.07 2.11 0.496282
4.6 2.59 2.46 1.21616
6.1 3.53 2.74 13.4765
6.5 3.71 2.83 15.1574
6.9 3.93 2.92 13.4765
8.2 4.55 3.37 0
LF18 6
2.5 1.07 2.11 0.5
4.6 2.59 2.46 1.65524
6.1 3.53 2.74 13.1681
6.5 3.71 2.83 14.8154
6.9 3.93 2.92 13.1714
8.2 4.55 3.37 0
LF20 6
2.5 1.07 2.11 0.5
4.6 2.59 2.46 2.109
6.1 3.53 2.74 12.8571
6.5 3.71 2.83 14.4713
6.9 3.93 2.92 12.8638
8.14 4.52 3.35 0
LF22 6
2.5 1.07 2.11 0.5
4.6 2.59 2.46 2.40794
6.1 3.53 2.74 12.6546
6.5 3.71 2.83 14.2472
6.9 3.93 2.92 12.6636
8.14 4.52 3.35 0
LF24 6
2.5 1.07 2.11 0.5
4.6 2.59 2.46 2.58827
6.1 3.53 2.74 12.5384
6.5 3.71 2.83 14.1166
6.9 3.93 2.92 12.5472
8.14 4.52 3.35 0
LF26 6
2.5 1.07 2.11 0.5
4.6 2.59 2.46 2.72554
6.1 3.53 2.74 12.5499
6.5 3.71 2.83 14.1248
6.9 3.93 2.92 12.5562
8.14 4.52 3.35 0
LG19 6
2.5 1.07 2.11 0.5
4.6 2.59 2.46 1.80401
6.1 3.53 2.74 13.0822
6.5 3.71 2.83 14.7193
6.9 3.93 2.92 13.0867
8.2 4.55 3.37 0
LG21 6
2.5 1.07 2.11 0.5
4.6 2.59 2.46 2.14045
6.1 3.53 2.74 12.8662
6.5 3.71 2.83 14.4811
6.9 3.93 2.92 12.8733
8.14 4.52 3.35 0
LG25 6
2.5 1.07 2.11 0.5
4.6 2.59 2.46 2.55183
6.1 3.53 2.74 12.6216
6.5 3.71 2.83 14.21
6.9 3.93 2.92 12.6312
8.14 4.52 3.35 0
LG25A 6
2.5 1.07 2.11 0.5
4.6 2.59 2.46 2.54988
6.1 3.53 2.74 12.6229
6.5 3.71 2.83 14.2115
6.9 3.93 2.92 12.6325
8.14 4.52 3.35 0
LH16 6
2.5 1.07 2.11 0.5
4.6 2.59 2.46 1.4699
6.1 3.53 2.74 13.1786
6.5 3.71 2.83 14.8225
6.9 3.93 2.92 13.1803
8.2 4.55 3.37 0
LH18 6
2.5 1.07 2.11 0.5
4.6 2.59 2.46 1.72237
6.1 3.53 2.74 13.0409
6.5 3.71 2.83 14.6704
6.9 3.93 2.92 13.0442
8.2 4.55 3.37 0
LH20 6
2.5 1.07 2.11 0.5
4.6 2.59 2.46 2.07295
6.1 3.53 2.74 12.9456
6.5 3.71 2.83 14.5685
6.9 3.93 2.92 12.9523
8.14 4.52 3.35 0
LH22 6
2.5 1.07 2.11 0.5
4.6 2.59 2.46 2.4439
6.1 3.53 2.74 12.7553
6.5 3.71 2.83 14.3589
6.9 3.93 2.92 12.7648
8.14 4.52 3.35 0
LH24 6
2.5 1.07 2.11 0.5
4.6 2.59 2.46 2.66949
6.1 3.53 2.74 12.6483
6.5 3.71 2.83 14.2359
6.9 3.93 2.92 12.6558
8.14 4.52 3.35 0
LI21 6
2.5 1.07 2.11 0.5
4.6 2.59 2.46 2.17848
6.1 3.53 2.74 12.8882
6.5 3.71 2.83 14.5023
6.9 3.93 2.92 12.8929
8.14 4.52 3.35 0
LOKY 6
2.5 1.07 2.11 0.5
4.6 2.59 2.46 2.38912
6.1 3.53 2.74 12.8259
6.5 3.71 2.83 14.4309
6.9 3.93 2.92 12.8296
8.14 4.52 3.35 0
MADT 6
2.5 1.07 2.11 0.5
4.6 2.59 2.46 1.88977
6.1 3.53 2.74 11.166
6.5 3.71 2.83 12.5565
6.9 3.93 2.92 11.1676
8.17 4.53 3.36 0
MD02 5
2.5 1.07 2.11 0.381095
6.1 3.53 2.74 13.6072
6.5 3.71 2.83 15.3072
6.9 3.93 2.92 13.6043
8.28 4.59 3.4 0
MD04 5
2.5 1.07 2.11 0.417995
6.1 3.53 2.74 13.7989
6.5 3.71 2.83 15.5243
6.9 3.93 2.92 13.7969
8.28 4.59 3.4 0
MD06 6
2.5 1.07 2.11 0.354041
4.6 2.59 2.46 0.0930206
6.1 3.53 2.74 13.9381
6.5 3.71 2.83 15.6821
6.9 3.93 2.92 13.9371
8.15 4.52 3.36 0
MD08 6
2.5 1.07 2.11 0.355931
4.6 2.59 2.46 0.127134
6.1 3.53 2.74 14.0629
6.5 3.71 2.83 15.8233
6.9 3.93 2.92 14.0628
8.15 4.52 3.36 0
ME01 5
2.5 1.07 2.11 0.347576
6.1 3.53 2.74 13.652
6.5 3.71 2.83 15.3585
6.9 3.93 2.92 13.6469
8.26 4.58 3.4 0
ME03 5
2.5 1.07 2.11 0.352051
6.1 3.53 2.74 13.7729
6.5 3.71 2.83 15.4962
6.9 3.93 2.92 13.7692
8.26 4.58 3.4 0
ME05 5
2.5 1.07 2.11 0.368118
6.1 3.53 2.74 13.9083
6.5 3.71 2.83 15.6501
6.9 3.93 2.92 13.9063
8.2 4.55 3.37 0
ME07 5
2.5 1.07 2.11 0.367361
6.1 3.53 2.74 14.0411
6.5 3.71 2.83 15.8015
6.9 3.93 2.92 14.0405
8.2 4.55 3.37 0
ME09 5
2.5 1.07 2.11 0.772562
6.1 3.53 2.74 13.9078
6.5 3.71 2.83 15.6497
6.9 3.93 2.92 13.9078
8.2 4.55 3.37 0
MF02 5
2.5 1.07 2.11 0.322996
6.1 3.53 2.74 13.7467
6.5 3.71 2.83 15.4667
6.9 3.93 2.92 13.7412
8.26 4.58 3.4 0
MF04 5
2.5 1.07 2.11 0.300068
6.1 3.53 2.74 13.8711
6.5 3.71 2.83 15.6093
6.9 3.93 2.92 13.8673
8.26 4.58 3.4 0
MF08 5
2.5 1.07 2.11 0.264682
6.1 3.53 2.74 14.0479
6.5 3.71 2.83 15.8119
6.9 3.93 2.92 14.0469
8.2 4.55 3.37 0
MF10 5
2.5 1.07 2.11 0.500488
6.1 3.53 2.74 14.0013
6.5 3.71 2.83 15.7582
6.9 3.93 2.92 14.0013
8.2 4.55 3.37 0
MF12 5
2.5 1.07 2.11 0.886976
6.1 3.53 2.74 13.8233
6.5 3.71 2.83 15.5547
6.9 3.93 2.92 13.8233
8.2 4.55 3.37 0
MF14 6
2.5 1.07 2.11 0.415574
4.6 2.59 2.46 0.876543
6.1 3.53 2.74 13.6564
6.5 3.71 2.83 15.3633
6.9 3.93 2.92 13.6564
8.2 4.55 3.37 0
MG03 5
2.5 1.07 2.11 0.263673
6.1 3.53 2.74 13.8467
6.5 3.71 2.83 15.5819
6.9 3.93 2.92 13.8406
8.26 4.58 3.4 0
MG05 5
2.5 1.07 2.11 0.192884
6.1 3.53 2.74 13.9658
6.5 3.71 2.83 15.7207
6.9 3.93 2.92 13.9623
8.2 4.55 3.37 0
MG07 5
2.5 1.07 2.11 0.156165
6.1 3.53 2.74 14.072
6.5 3.71 2.83 15.8422
6.9 3.93 2.92 14.0707
8.2 4.55 3.37 0
MG09 5
2.5 1.07 2.11 0.363693
6.1 3.53 2.74 14.0216
6.5 3.71 2.83 15.7843
6.9 3.93 2.92 14.0216
8.2 4.55 3.37 0
MG13 6
2.5 1.07 2.11 0.360769
4.6 2.59 2.46 0.753872
6.1 3.53 2.74 13.6915
6.5 3.71 2.83 15.4042
6.9 3.93 2.92 13.6915
8.2 4.55 3.37 0
MG15 6
2.5 1.07 2.11 0.462642
4.6 2.59 2.46 1.08733
6.1 3.53 2.74 13.4912
6.5 3.71 2.83 15.1736
6.9 3.93 2.92 13.4912
8.2 4.55 3.37 0
MG15A 6
2.5 1.07 2.11 0.472372
4.6 2.59 2.46 1.11847
6.1 3.53 2.74 13.476
6.5 3.71 2.83 15.1562
6.9 3.93 2.92 13.476
8.2 4.55 3.37 0
MH14 6
2.5 1.07 2.11 0.414396
4.6 2.59 2.46 0.961617
6.1 3.53 2.74 13.4716
6.5 3.71 2.83 15.1538
6.9 3.93 2.92 13.4717
8.2 4.55 3.37 0
NB28 6
2.5 1.07 2.11 0.5
4.6 2.59 2.46 2.40743
6.1 3.53 2.74 12.8012
6.5 3.71 2.83 14.3989
6.9 3.93 2.92 12.8023
8.15 4.52 3.36 0
NC27 6
2.5 1.07 2.11 0.5
4.6 2.59 2.46 2.52932
6.1 3.53 2.74 12.6689
6.5 3.71 2.83 14.2532
6.9 3.93 2.92 12.6714
8.15 4.52 3.36 0
NC29 6
2.5 1.07 2.11 0.5
4.6 2.59 2.46 2.48211
6.1 3.53 2.74 12.8147
6.5 3.71 2.83 14.4119
6.9 3.93 2.92 12.8148
8.15 4.52 3.36 0
NC31 6
2.5 1.07 2.11 0.5
4.6 2.59 2.46 2.25297
6.1 3.53 2.74 12.9414
6.5 3.71 2.83 14.5563
6.9 3.93 2.92 12.9414
8.15 4.52 3.36 0
NC33 6
2.5 1.07 2.11 0.5
4.6 2.59 2.46 2.13561
6.1 3.53 2.74 13.0111
6.5 3.71 2.83 14.6361
6.9 3.93 2.92 13.0111
8.15 4.52 3.36 0
ND26 6
2.5 1.07 2.11 0.5
4.6 2.59 2.46 2.57803
6.1 3.53 2.74 12.5769
6.5 3.71 2.83 14.1532
6.9 3.93 2.92 12.5811
8.15 4.52 3.36 0
ND28 6
2.5 1.07 2.11 0.5
4.6 2.59 2.46 2.69202
6.1 3.53 2.74 12.6287
6.5 3.71 2.83 14.2064
6.9 3.93 2.92 12.6305
8.15 4.52 3.36 0
ND30 6
2.5 1.07 2.11 0.5
4.6 2.59 2.46 2.48761
6.1 3.53 2.74 12.8301
6.5 3.71 2.83 14.4308
6.9 3.93 2.92 12.8301
8.15 4.52 3.36 0
ND32 6
2.5 1.07 2.11 0.5
4.6 2.59 2.46 2.27016
6.1 3.53 2.74 12.9625
6.5 3.71 2.83 14.5812
6.9 3.93 2.92 12.9625
8.15 4.52 3.36 0
NE27 6
2.5 1.07 2.11 0.5
4.6 2.59 2.46 2.74301
6.1 3.53 2.74 12.5666
6.5 3.71 2.83 14.139
6.9 3.93 2.92 12.5698
8.15 4.52 3.36 0
NE29 6
2.5 1.07 2.11 0.5
4.6 2.59 2.46 2.68013
6.1 3.53 2.74 12.7122
6.5 3.71 2.83 14.2973
6.9 3.93 2.92 12.7122
8.15 4.52 3.36 0
NE31 6
2.5 1.07 2.11 0.5
4.6 2.59 2.46 2.50888
6.1 3.53 2.74 12.8465
6.5 3.71 2.83 14.45
6.9 3.93 2.92 12.8465
8.15 4.52 3.36 0
NE33 6
2.5 1.07 2.11 0.5
4.6 2.59 2.46 2.18606
6.1 3.53 2.74 13.0542
6.5 3.71 2.83 14.6855
6.9 3.93 2.92 13.0542
8.15 4.52 3.36 0
NF32 6
2.5 1.07 2.11 0.5
4.6 2.59 2.46 2.55667
6.1 3.53 2.74 12.8475
6.5 3.71 2.83 14.4515
6.9 3.93 2.92 12.8475
8.15 4.52 3.36 0
OLIL 6
2.5 1.07 2.11 0.5
4.6 2.59 2.46 2.29269
6.1 3.53 2.74 12.5597
6.5 3.71 2.83 14.1347
6.9 3.93 2.92 12.5652
8.15 4.52 3.36 0
P40B 5
2.5 1.07 2.11 0.507306
6.1 3.53 2.74 13.381
6.5 3.71 2.83 15.0615
6.9 3.93 2.92 13.3809
8.23 4.56 3.39 0
P43A 6
2.5 1.07 2.11 0.5
4.6 2.59 2.46 1.14372
6.1 3.53 2.74 12.7446
6.5 3.71 2.83 14.3364
6.9 3.93 2.92 12.7444
8.19 4.54 3.37 0
P46A 6
2.5 1.07 2.11 0.5
4.6 2.59 2.46 1.29214
6.1 3.53 2.74 12.9835
6.5 3.71 2.83 14.6032
6.9 3.93 2.92 12.9894
8.17 4.53 3.36 0
P48A 6
2.5 1.07 2.11 0.530393
4.6 2.59 2.46 0.473505
6.1 3.53 2.74 13.076
6.5 3.71 2.83 14.7164
6.9 3.93 2.92 13.0756
8.17 4.53 3.36 0
PBMO 6
2.5 1.07 2.11 0.396431
4.6 2.59 2.46 0.718494
6.1 3.53 2.74 12.8885
6.5 3.71 2.83 14.5119
6.9 3.93 2.92 12.8952
8.23 4.56 3.39 0
PVMO 6
2.5 1.07 2.11 0.5
4.6 2.59 2.46 1.6841
6.1 3.53 2.74 11.3464
6.5 3.71 2.83 12.7629
6.9 3.93 2.92 11.3489
8.17 4.53 3.36 0
Q40A 5
2.5 1.07 2.11 0.44946
6.1 3.53 2.74 13.5572
6.5 3.71 2.83 15.2562
6.9 3.93 2.92 13.5572
8.23 4.56 3.39 0
Q41A 5
2.5 1.07 2.11 0.550236
6.1 3.53 2.74 13.3566
6.5 3.71 2.83 15.0269
6.9 3.93 2.92 13.3554
8.28 4.59 3.4 0
Q42A 6
2.5 1.07 2.11 0.498054
4.6 2.59 2.46 0.312889
6.1 3.53 2.74 13.4302
6.5 3.71 2.83 15.1059
6.9 3.93 2.92 13.4263
8.15 4.52 3.36 0
Q43A 6
2.5 1.07 2.11 0.5
4.6 2.59 2.46 1.07201
6.1 3.53 2.74 13.1335
6.5 3.71 2.83 14.7747
6.9 3.93 2.92 13.1326
8.15 4.52 3.36 0
Q44A 6
2.5 1.07 2.11 0.5
4.6 2.59 2.46 1.75126
6.1 3.53 2.74 12.8432
6.5 3.71 2.83 14.4522
6.9 3.93 2.92 12.8461
8.15 4.52 3.36 0
Q44B 6
2.5 1.07 2.11 0.5
4.6 2.59 2.46 1.75132
6.1 3.53 2.74 12.8431
6.5 3.71 2.83 14.4521
6.9 3.93 2.92 12.846
8.15 4.52 3.36 0
Q45A 6
2.5 1.07 2.11 0.5
4.6 2.59 2.46 2.18111
6.1 3.53 2.74 12.6101
6.5 3.71 2.83 14.1893
6.9 3.93 2.92 12.6154
8.15 4.52 3.36 0
Q46A 6
2.5 1.07 2.11 0.5
4.6 2.59 2.46 1.79602
6.1 3.53 2.74 12.7768
6.5 3.71 2.83 14.3693
6.9 3.93 2.92 12.7813
8.17 4.53 3.36 0
Q47A 6
2.5 1.07 2.11 0.5
4.6 2.59 2.46 1.30023
6.1 3.53 2.74 13.4125
6.5 3.71 2.83 15.0907
6.9 3.93 2.92 13.4121
8.15 4.52 3.36 0
Q48A 6
2.5 1.07 2.11 0.5
4.6 2.59 2.46 0.825125
6.1 3.53 2.74 13.9257
6.5 3.71 2.83 15.6651
6.9 3.93 2.92 13.9213
8.17 4.53 3.36 0
Q49A 5
2.5 1.07 2.11 0.999401
6.1 3.53 2.74 13.0316
6.5 3.71 2.83 14.6642
6.9 3.93 2.92 13.0296
8.15 4.52 3.36 0
Q50A 6
2.5 1.07 2.11 0.935844
4.6 2.59 2.46 0.0683969
6.1 3.53 2.74 12.5613
6.5 3.71 2.83 14.1366
6.9 3.93 2.92 12.563
8.17 4.53 3.36 0
Q51A 5
2.5 1.07 2.11 1.20231
6.1 3.53 2.74 12.6864
6.5 3.71 2.83 14.2768
6.9 3.93 2.92 12.6909
8.16 4.53 3.36 0
Q52A 6
2.5 1.07 2.11 1
4.6 2.59 2.46 1.56216
6.1 3.53 2.74 13.3308
6.5 3.71 2.83 14.459
6.9 3.93 2.92 12.2258
8.16 4.53 3.36 0
R40A 5
2.5 1.07 2.11 0.395157
6.1 3.53 2.74 13.9102
6.5 3.71 2.83 15.6494
6.9 3.93 2.92 13.9113
8.23 4.56 3.39 0
R40B 5
2.5 1.07 2.11 0.395157
6.1 3.53 2.74 13.9102
6.5 3.71 2.83 15.6494
6.9 3.93 2.92 13.9113
8.23 4.56 3.39 0
R41A 5
2.5 1.07 2.11 0.403715
6.1 3.53 2.74 13.5827
6.5 3.71 2.83 15.279
6.9 3.93 2.92 13.581
8.28 4.59 3.4 0
R42A 6
2.5 1.07 2.11 0.402115
4.6 2.59 2.46 0.11013
6.1 3.53 2.74 13.8964
6.5 3.71 2.83 15.6331
6.9 3.93 2.92 13.8958
8.15 4.52 3.36 0
R43A 6
2.5 1.07 2.11 0.4614
4.6 2.59 2.46 0.79407
6.1 3.53 2.74 13.7663
6.5 3.71 2.83 15.4869
6.9 3.93 2.92 13.7663
8.15 4.52 3.36 0
R44A 6
2.5 1.07 2.11 0.5
4.6 2.59 2.46 1.82064
6.1 3.53 2.74 13.0267
6.5 3.71 2.83 14.6616
6.9 3.93 2.92 13.0309
8.15 4.52 3.36 0
R45A 6
2.5 1.07 2.11 0.5
4.6 2.59 2.46 2.56516
6.1 3.53 2.74 12.3973
6.5 3.71 2.83 13.9592
6.9 3.93 2.92 12.4052
8.15 4.52 3.36 0
R46A 6
2.5 1.07 2.11 0.5
4.6 2.59 2.46 2.58745
6.1 3.53 2.74 12.7512
6.5 3.71 2.83 14.3407
6.9 3.93 2.92 12.7513
8.15 4.52 3.36 0
R47A 6
2.5 1.07 2.11 0.5
4.6 2.59 2.46 1.78135
6.1 3.53 2.74 13.2195
6.5 3.71 2.83 14.874
6.9 3.93 2.92 13.2195
8.15 4.52 3.36 0
R48A 6
2.5 1.07 2.11 0.5
4.6 2.59 2.46 1.13345
6.1 3.53 2.74 14.1631
6.5 3.71 2.83 15.9299
6.9 3.93 2.92 14.158
8.17 4.53 3.36 0
R49A 6
2.5 1.07 2.11 0.638288
4.6 2.59 2.46 0.552053
6.1 3.53 2.74 13.7761
6.5 3.71 2.83 15.4965
6.9 3.93 2.92 13.7722
8.17 4.53 3.36 0
R50A 5
2.5 1.07 2.11 1.11298
6.1 3.53 2.74 12.1781
6.5 3.71 2.83 13.7061
6.9 3.93 2.92 12.1781
8.17 4.53 3.36 0
R51A 6
2.5 1.07 2.11 0.993327
4.6 2.59 2.46 0.448176
6.1 3.53 2.74 12.4405
6.5 3.71 2.83 13.9995
6.9 3.93 2.92 12.4405
8.17 4.53 3.36 0
R52A 6
2.5 1.07 2.11 1
4.6 2.59 2.46 1.56913
6.1 3.53 2.74 13.6616
6.5 3.71 2.83 14.7705
6.9 3.93 2.92 12.4338
8.16 4.53 3.36 0
S40A 5
2.5 1.07 2.11 0.400014
6.1 3.53 2.74 14.4504
6.5 3.71 2.83 16.2536
6.9 3.93 2.92 14.4595
8.28 4.59 3.4 0
S41A 5
2.5 1.07 2.11 0.331194
6.1 3.53 2.74 13.9045
6.5 3.71 2.83 15.6424
6.9 3.93 2.92 13.8998
8.26 4.58 3.4 0
S42A 5
2.5 1.07 2.11 0.281104
6.1 3.53 2.74 13.9762
6.5 3.71 2.83 15.7297
6.9 3.93 2.92 13.9741
8.2 4.55 3.37 0
S43A 5
2.5 1.07 2.11 0.807119
6.1 3.53 2.74 13.8256
6.5 3.71 2.83 15.5586
6.9 3.93 2.92 13.8256
8.2 4.55 3.37 0
S44A 6
2.5 1.07 2.11 0.5
4.6 2.59 2.46 1.5397
6.1 3.53 2.74 13.2413
6.5 3.71 2.83 14.8957
6.9 3.93 2.92 13.2437
8.2 4.55 3.37 0
S45A 6
2.5 1.07 2.11 0.5
4.6 2.59 2.46 2.42078
6.1 3.53 2.74 12.6883
6.5 3.71 2.83 14.2846
6.9 3.93 2.92 12.6975
8.14 4.52 3.35 0
S46A 6
2.5 1.07 2.11 0.5
4.6 2.59 2.46 2.9884
6.1 3.53 2.74 12.4905
6.5 3.71 2.83 14.0512
6.9 3.93 2.92 12.4926
8.15 4.52 3.36 0
S47A 6
2.5 1.07 2.11 0.5
4.6 2.59 2.46 2.43787
6.1 3.53 2.74 13.0275
6.5 3.71 2.83 14.6554
6.9 3.93 2.92 13.0275
8.14 4.52 3.35 0
S48A 6
2.5 1.07 2.11 0.5
4.6 2.59 2.46 1.40395
6.1 3.53 2.74 13.5197
6.5 3.71 2.83 15.2127
6.9 3.93 2.92 13.5228
8.14 4.52 3.35 0
S49A 6
2.5 1.07 2.11 0.600196
4.6 2.59 2.46 0.647422
6.1 3.53 2.74 13.2593
6.5 3.71 2.83 14.9208
6.9 3.93 2.92 13.2627
8.18 4.54 3.37 0
S50A 6
2.5 1.07 2.11 0.983885
4.6 2.59 2.46 0.504108
6.1 3.53 2.74 10.9376
6.5 3.71 2.83 12.3138
6.9 3.93 2.92 10.9376
8.18 4.54 3.37 0
S51A 6
2.5 1.07 2.11 0.998698
4.6 2.59 2.46 1.31398
6.1 3.53 2.74 12.0798
6.5 3.71 2.83 13.5978
6.9 3.93 2.92 12.0798
8.18 4.54 3.37 0
S52A 6
2.5 1.07 2.11 1
4.6 2.59 2.46 1.96656
6.1 3.53 2.74 14.1104
6.5 3.71 2.83 14.4035
6.9 3.93 2.92 11.0883
8.18 4.54 3.37 0
SOKY 6
2.5 1.07 2.11 0.5
4.6 2.59 2.46 1.29816
6.1 3.53 2.74 13.4626
6.5 3.71 2.83 15.1498
6.9 3.93 2.92 13.4677
8.18 4.54 3.37 0
T40A 5
2.5 1.07 2.11 0.400193
6.1 3.53 2.74 14.4891
6.5 3.71 2.83 16.2962
6.9 3.93 2.92 14.4956
8.28 4.59 3.4 0
T41A 5
2.5 1.07 2.11 0.561625
6.1 3.53 2.74 13.6361
6.5 3.71 2.83 15.3416
6.9 3.93 2.92 13.6335
8.26 4.58 3.4 0
T42A 5
2.5 1.07 2.11 0.662304
6.1 3.53 2.74 13.3451
6.5 3.71 2.83 15.0206
6.9 3.93 2.92 13.3439
8.26 4.58 3.4 0
T43A 5
2.5 1.07 2.11 0.919333
6.1 3.53 2.74 13.2468
6.5 3.71 2.83 14.9122
6.9 3.93 2.92 13.2501
8.2 4.55 3.37 0
T44A 6
2.5 1.07 2.11 0.478998
4.6 2.59 2.46 1.35201
6.1 3.53 2.74 12.5407
6.5 3.71 2.83 14.1039
6.9 3.93 2.92 12.5411
8.2 4.55 3.37 0
T45A 6
2.5 1.07 2.11 0.5
4.6 2.59 2.46 2.02933
6.1 3.53 2.74 12.9667
6.5 3.71 2.83 14.5855
6.9 3.93 2.92 12.9671
8.14 4.52 3.35 0
T46A 6
2.5 1.07 2.11 0.5
4.6 2.59 2.46 2.25923
6.1 3.53 2.74 12.759
6.5 3.71 2.83 14.3492
6.9 3.93 2.92 12.7593
8.15 4.52 3.36 0
T47A 6
2.5 1.07 2.11 0.5
4.6 2.59 2.46 1.89391
6.1 3.53 2.74 13.2236
6.5 3.71 2.83 14.8727
6.9 3.93 2.92 13.2256
8.15 4.52 3.36 0
T48A 6
2.5 1.07 2.11 0.5
4.6 2.59 2.46 1.4558
6.1 3.53 2.74 14.0048
6.5 3.71 2.83 15.7572
6.9 3.93 2.92 14.0089
8.14 4.52 3.35 0
T49A 6
2.5 1.07 2.11 0.5
4.6 2.59 2.46 0.842131
6.1 3.53 2.74 13.8875
6.5 3.71 2.83 15.6254
6.9 3.93 2.92 13.8934
8.18 4.54 3.37 0
T50A 6
2.5 1.07 2.11 0.8308
4.6 2.59 2.46 0.838481
6.1 3.53 2.74 12.3009
6.5 3.71 2.83 13.8383
6.9 3.93 2.92 12.3026
8.18 4.54 3.37 0
T51A 6
2.5 1.07 2.11 1
4.6 2.59 2.46 0.950629
6.3 3.63 2.79 14.1624
6.6 3.8 2.86 14.5008
7 3.99 2.95 11.2277
8.17 4.53 3.36 0
T52A 6
2.5 1.07 2.11 0.797992
4.6 2.59 2.46 1.53654
6.3 3.63 2.79 16.6156
6.6 3.8 2.86 15.5142
7 3.99 2.95 10.0991
8.19 4.54 3.37 0
U40A 5
2.5 1.07 2.11 0.704797
6.1 3.53 2.74 14.0063
6.5 3.71 2.83 15.7558
6.9 3.93 2.92 14.0063
8.25 4.57 3.39 0
U41A 6
2.5 1.07 2.11 0.464527
4.6 2.59 2.46 0.60185
6.1 3.53 2.74 13.224
6.5 3.71 2.83 14.8779
6.9 3.93 2.92 13.224
8.23 4.56 3.39 0
U42A 6
2.5 1.07 2.11 0.5
4.6 2.59 2.46 0.890213
6.1 3.53 2.74 12.5105
6.5 3.71 2.83 14.0803
6.9 3.93 2.92 12.5127
8.23 4.56 3.39 0
U43A 6
2.5 1.07 2.11 0.5
4.6 2.59 2.46 1.19227
6.1 3.53 2.74 12.1661
6.5 3.71 2.83 13.699
6.9 3.93 2.92 12.1741
8.23 4.56 3.39 0
U44A 6
2.5 1.07 2.11 0.49965
4.6 2.59 2.46 1.62925
6.1 3.53 2.74 11.3685
6.5 3.71 2.83 12.7871
6.9 3.93 2.92 11.3704
8.17 4.53 3.36 0
U45A 6
2.5 1.07 2.11 0.5
4.6 2.59 2.46 1.69043
6.1 3.53 2.74 12.5621
6.5 3.71 2.83 14.1215
6.9 3.93 2.92 12.5563
8.17 4.53 3.36 0
U46A 6
2.5 1.07 2.11 0.5
4.6 2.59 2.46 1.4818
6.1 3.53 2.74 12.9991
6.5 3.71 2.83 14.6114
6.9 3.93 2.92 12.9928
8.17 4.53 3.36 0
U47A 6
2.5 1.07 2.11 0.5
4.6 2.59 2.46 1.10765
6.1 3.53 2.74 13.243
6.5 3.71 2.83 14.8898
6.9 3.93 2.92 13.2447
8.15 4.52 3.36 0
U48A 6
2.5 1.07 2.11 0.5
4.6 2.59 2.46 0.829307
6.1 3.53 2.74 14.8387
6.5 3.71 2.83 16.6954
6.9 3.93 2.92 14.8482
8.16 4.53 3.36 0
U49A 6
2.5 1.07 2.11 0.5
4.6 2.59 2.46 0.94562
6.1 3.53 2.74 14.6292
6.5 3.71 2.83 16.4542
6.9 3.93 2.92 14.6321
8.17 4.53 3.36 0
U50A 6
2.5 1.07 2.11 0.778552
4.6 2.59 2.46 1.08512
6.1 3.53 2.74 13.6457
6.5 3.71 2.83 15.0696
6.9 3.93 2.92 13.0885
8.17 4.53 3.36 0
U51A 6
2.5 1.07 2.11 0.88487
4.6 2.59 2.46 0.756958
6.1 3.53 2.74 16.5177
6.5 3.71 2.83 15.9365
6.9 3.93 2.92 11.1133
8.17 4.53 3.36 0
U52A 6
2.5 1.07 2.11 0.774376
4.6 2.59 2.46 0.387117
6.3 3.63 2.79 19.6299
6.6 3.8 2.86 17.2895
7 3.99 2.95 9.81433
8.17 4.53 3.36 0
UALR 5
2.5 1.07 2.11 1.56763
6.1 3.53 2.74 10.8473
6.5 3.71 2.83 12.2017
6.9 3.93 2.92 10.8412
8.17 4.53 3.36 0
USIN 6
2.5 1.07 2.11 0.5
4.6 2.59 2.46 2.788
6.1 3.53 2.74 12.59
6.5 3.71 2.83 14.1625
6.9 3.93 2.92 12.5917
8.15 4.52 3.36 0
UTMT 6
2.5 1.07 2.11 0.5
4.6 2.59 2.46 1.71586
6.1 3.53 2.74 12.3652
6.5 3.71 2.83 13.9007
6.9 3.93 2.92 12.3604
8.17 4.53 3.36 0
V48A 6
2.5 1.07 2.11 0.5
4.6 2.59 2.46 0.931367
6.1 3.53 2.74 14.2284
6.5 3.71 2.83 16.0012
6.9 3.93 2.92 14.2327
8.14 4.52 3.35 0
V51A 5
2.5 1.07 2.11 0.694943
6.3 3.63 2.79 18.0706
6.6 3.8 2.86 16.7029
7 3.99 2.95 10.659
8.13 4.51 3.35 0
V52A 4
6.3 3.63 2.79 19.3324
6.6 3.8 2.86 17.1221
7 3.99 2.95 9.87231
8.12 4.51 3.34 0
V53A 5
2.5 1.07 2.11 0.085092
6.3 3.63 2.79 19.0274
6.6 3.8 2.86 16.7603
7 3.99 2.95 9.51313
8.12 4.51 3.34 0
W45B 6
2.5 1.07 2.11 0.6716
4.6 2.59 2.46 2.30178
6.1 3.53 2.74 11.0157
6.5 3.71 2.83 12.3929
6.9 3.93 2.92 11.0237
8.15 4.52 3.36 0
W50A 6
2.5 1.07 2.11 0.322322
4.6 2.59 2.46 0.966437
6.1 3.53 2.74 15.3343
6.5 3.71 2.83 16.3277
6.9 3.93 2.92 13.4424
8.13 4.51 3.35 0
W52A 4
6.3 3.63 2.79 19.5651
6.6 3.8 2.86 17.2284
7 3.99 2.95 9.78344
8.12 4.51 3.34 0
WCI 6
2.5 1.07 2.11 0.5
4.6 2.59 2.46 1.57199
6.1 3.53 2.74 13.5033
6.5 3.71 2.83 15.1921
6.9 3.93 2.92 13.5024
8.15 4.52 3.36 0
WVT 6
2.5 1.07 2.11 0.5
4.6 2.59 2.46 1.25428
6.1 3.53 2.74 12.6256
6.5 3.71 2.83 14.1917
6.9 3.93 2.92 12.621
8.15 4.52 3.36 0
X48A 6
2.5 1.07 2.11 0.989017
4.6 2.59 2.46 1.93964
6.1 3.53 2.74 14.0661
6.5 3.71 2.83 15.7513
6.9 3.93 2.92 13.8677
8.2 4.55 3.37 0
X51A 5
2.5 1.07 2.11 0.095357
6.3 3.63 2.79 18.3832
6.6 3.8 2.86 17.504
7 3.99 2.95 11.8864
8.12 4.51 3.34 0
