BLO      39.1719  -86.5222    0.2460
CACT     36.2302  -89.4204    0.1150
CBHS     35.1326  -89.8652    0.0704
CBHT     35.1330  -89.8660    0.0790
CCM      38.0557  -91.2446    0.2220
CGM3     37.2978  -89.6582    0.1480
CLTN     36.0911  -86.3315    0.2080
FVM      37.9812  -90.4273    0.1370
HDAR2    35.1538  -90.0906    0.1000
KF28     37.7532  -87.8091    0.1180
KF30     37.8847  -87.3937    0.1190
KF34     37.8230  -86.8078    0.1690
KG27     37.6473  -87.9012    0.2100
KG29     37.7179  -87.4726    0.1290
KG31     37.6530  -87.1805    0.1290
KG35     37.6431  -86.6141    0.1640
KG37     37.6568  -86.2797    0.2400
KG41     37.6661  -85.7428    0.2740
KH26     37.4567  -88.0082    0.1870
KH28     37.4789  -87.7108    0.1500
KH30     37.4706  -87.4643    0.1460
KH32     37.4233  -87.2761    0.1630
KH34     37.4740  -86.9269    0.1360
KH36     37.4722  -86.6131    0.1900
KH38     37.3921  -86.3046    0.2010
KH42     37.4933  -85.7235    0.2440
KH44     37.5020  -85.4645    0.2920
KH46     37.4669  -85.2482    0.2350
KH48     37.4455  -85.0052    0.2540
KH49     37.4370  -84.7353    0.2890
KH50     37.4170  -84.4633    0.2890
KH54     37.4149  -84.1600    0.4630
KH56     37.3148  -83.9502    0.3700
KI25     37.2912  -88.1118    0.1880
KI27     37.2642  -87.8269    0.1287
KI29     37.2731  -87.5576    0.1340
KI31     37.2529  -87.2858    0.1670
KI33     37.3191  -86.9601    0.1460
KI35     37.2954  -86.6963    0.1320
KI37     37.2561  -86.3890    0.1920
KI39     37.2944  -86.0838    0.2580
KI39A    37.2964  -86.1756    0.2340
KI41     37.2992  -85.8170    0.1930
KI43     37.2805  -85.5691    0.1900
KI45     37.2665  -85.2339    0.2940
KI47     37.2462  -84.9904    0.2870
KI49     37.2207  -84.7498    0.3450
KI51     37.1857  -84.5075    0.3110
KI53     37.1845  -84.2061    0.3770
KJ30     37.0871  -87.3385    0.1890
KJ34     37.1098  -86.9234    0.1820
KJ36     37.1025  -86.5870    0.1678
KJ40     37.1449  -86.0187    0.2850
KJ42     37.1185  -85.7507    0.2340
KJ46     37.0821  -85.3614    0.2430
KJ48     37.0498  -85.0474    0.3160
KJ50     37.0462  -84.5808    0.2550
KJ52     36.9186  -84.2500    0.3770
KK34     36.9081  -86.8208    0.2060
KK36     36.9355  -86.5777    0.1700
KK38     36.9030  -86.2871    0.1790
KK40     36.8802  -86.0141    0.2180
KK42     36.9034  -85.7403    0.2590
KK44     36.9076  -85.4932    0.2870
KK46     36.8709  -85.2468    0.2320
KK48     36.8672  -84.9442    0.3180
KK50     36.8694  -84.8024    0.3060
KK52     36.8372  -84.5091    0.3980
LA17     38.6334  -89.1377    0.1590
LA19     38.6944  -88.8699    0.1752
LA21     38.7749  -88.5598    0.1588
LB16     38.4750  -89.3121    0.1428
LB18     38.4544  -89.0516    0.1696
LB20     38.5256  -88.7520    0.1570
LB22     38.5073  -88.4880    0.1448
LB24     38.5057  -88.2059    0.1429
LB26     38.5122  -87.9705    0.1298
LC15     38.2974  -89.4124    0.1576
LC19     38.3611  -88.8554    0.1610
LC21     38.3129  -88.6176    0.1351
LC25     38.3224  -87.9882    0.1431
LD10     38.1676  -90.1773    0.1999
LD12     38.1506  -89.9279    0.1291
LD14     38.1305  -89.6138    0.1523
LD16     38.1552  -89.3221    0.1508
LD18     38.1654  -89.1138    0.1558
LD20     38.1485  -88.8538    0.1348
LD22     38.1394  -88.4326    0.1453
LD24     38.1840  -88.2267    0.1196
LE11     38.0657  -90.0121    0.1973
LE13     37.9740  -89.7496    0.1721
LE15     37.9616  -89.4867    0.1341
LE17     37.9874  -89.1763    0.1242
LE19     38.0065  -88.8787    0.1349
LE21     37.9939  -88.6868    0.1743
LE23     38.0293  -88.3642    0.1417
LE25     38.0006  -88.0340    0.1282
LF16     37.8216  -89.5137    0.2190
LF18     37.7818  -89.1733    0.1238
LF20     37.7822  -88.8262    0.1584
LF22     37.7764  -88.5971    0.1411
LF24     37.8302  -88.3871    0.1251
LF26     37.7450  -88.1300    0.1580
LG19     37.5957  -89.0459    0.2068
LG21     37.6691  -88.7941    0.1450
LG25     37.6639  -88.4557    0.1200
LG25A    37.6625  -88.4588    0.1279
LH16     37.4427  -89.3084    0.1231
LH18     37.4132  -89.1040    0.1600
LH20     37.5179  -88.8349    0.2231
LH22     37.4976  -88.5491    0.2152
LH24     37.4818  -88.2727    0.1832
LI21     37.2764  -88.6512    0.1754
LOKY     37.2366  -88.2946    0.2310
MADT     36.2978  -89.4625    0.0880
MD02     38.1717  -91.3975    0.2983
MD04     38.1345  -91.0348    0.2862
MD06     38.1275  -90.7588    0.2580
MD08     38.1397  -90.5063    0.2295
ME01     37.9555  -91.4270    0.2829
ME03     37.9457  -91.1726    0.2690
ME05     37.9680  -90.8730    0.3000
ME07     37.9495  -90.5945    0.2384
ME09     37.9313  -90.2011    0.2038
MF02     37.8150  -91.2999    0.3943
MF04     37.7803  -91.0328    0.2887
MF08     37.7591  -90.6309    0.3533
MF10     37.7885  -90.3438    0.2966
MF12     37.7448  -90.0668    0.2369
MF14     37.8018  -89.8023    0.1626
MG03     37.6053  -91.1820    0.3505
MG05     37.4825  -90.8701    0.2408
MG07     37.5549  -90.6346    0.3184
MG09     37.5574  -90.3541    0.2202
MG13     37.5888  -89.8820    0.2066
MG15     37.5623  -89.5996    0.1860
MG15A    37.5766  -89.5748    0.1225
MH14     37.4537  -89.7244    0.1492
NB28     38.4148  -87.6073    0.1446
NC27     38.2883  -87.7544    0.1373
NC29     38.3182  -87.5030    0.1393
NC31     38.3512  -87.2219    0.1530
NC33     38.3180  -87.0238    0.1610
ND26     38.2196  -87.9203    0.1453
ND28     38.0787  -87.6839    0.1683
ND30     38.1215  -87.2793    0.1530
ND32     38.1662  -87.0638    0.1320
NE27     37.9660  -87.8226    0.1250
NE29     38.0455  -87.4190    0.1260
NE31     37.9743  -87.1727    0.1190
NE33     38.0408  -86.8780    0.1270
NF32     37.8420  -87.1216    0.1370
OLIL     38.7338  -88.0991    0.1500
P40B     39.5298  -92.0483    0.3200
P43A     39.6409  -89.5213    0.1760
P46A     39.6178  -87.2067    0.1940
P48A     39.4605  -85.4258    0.3000
PBMO     36.7785  -90.4297    0.1439
PVMO     36.4137  -89.6997    0.0983
Q40A     38.9946  -92.0748    0.2750
Q41A     38.9539  -91.2317    0.1910
Q42A     38.9120  -90.5331    0.1750
Q43A     38.9410  -89.6991    0.2020
Q44A     38.9032  -89.0170    0.1640
Q44B     38.9033  -89.0169    0.1680
Q45A     38.8948  -88.1565    0.1620
Q46A     39.0231  -87.3575    0.1640
Q47A     38.9362  -86.4261    0.2300
Q48A     38.9295  -85.7311    0.1850
Q49A     39.0050  -84.8956    0.2640
Q50A     38.8436  -83.9790    0.2620
Q51A     39.0260  -83.3456    0.3620
Q52A     38.9622  -82.2669    0.2280
R40A     38.2909  -92.2684    0.2130
R40B     38.2909  -92.2684    0.2180
R41A     38.2976  -91.3795    0.2570
R42A     38.2804  -90.7944    0.2180
R43A     38.2760  -89.9308    0.1860
R44A     38.2475  -89.0809    0.1440
R45A     38.2926  -88.2812    0.1430
R46A     38.2124  -87.5114    0.1640
R47A     38.2957  -86.5270    0.1810
R48A     38.4001  -85.8714    0.2430
R49A     38.2916  -85.1714    0.2510
R50A     38.2816  -84.3274    0.2550
R51A     38.3001  -83.5834    0.2310
R52A     38.3366  -82.6443    0.3000
S40A     37.5988  -92.5014    0.3360
S41A     37.5877  -91.7458    0.3760
S42A     37.7700  -90.7939    0.3150
S43A     37.5716  -90.0754    0.2630
S44A     37.6936  -89.2551    0.1550
S45A     37.6774  -88.5804    0.1220
S46A     37.6849  -87.7153    0.1250
S47A     37.5946  -86.8779    0.1810
S48A     37.6574  -86.0569    0.2380
S49A     37.7849  -85.2875    0.2300
S50A     37.6790  -84.4003    0.3000
S51A     37.6392  -83.5935    0.2860
S52A     37.6791  -83.0784    0.3670
SOKY     37.5256  -85.9619    0.2560
T40A     37.1504  -92.5193    0.3990
T41A     37.0436  -91.7636    0.3660
T42A     37.0301  -91.0927    0.1620
T43A     37.0833  -90.2878    0.1670
T44A     37.0860  -89.5896    0.1330
T45A     37.0196  -88.6447    0.1190
T46A     37.0417  -87.8941    0.1690
T47A     36.9881  -87.1055    0.2170
T48A     37.1094  -86.3943    0.2180
T49A     37.1050  -85.5334    0.3130
T50A     37.0204  -84.8384    0.3020
T51A     36.9655  -83.9454    0.3290
T52A     37.1076  -82.9852    0.4360
U40A     36.3563  -92.8535    0.3740
U41A     36.3440  -91.9203    0.3000
U42A     36.3514  -91.2383    0.1190
U43A     36.3693  -90.4057    0.0960
U44A     36.5047  -89.6863    0.0890
U45A     36.3481  -88.7635    0.1440
U46A     36.3590  -88.1773    0.1460
U47A     36.4413  -87.2892    0.1450
U48A     36.5107  -86.5402    0.2680
U49A     36.5129  -85.7796    0.2340
U50A     36.4156  -84.8431    0.4740
U51A     36.3786  -84.0165    0.4720
U52A     36.3929  -83.3671    0.5100
UALR     34.7751  -92.3429    0.1380
USIN     37.9650  -87.6660    0.1707
UTMT     36.3497  -88.8636    0.1100
V48A     35.7400  -86.8219    0.2780
V51A     35.8033  -84.3511    0.2430
V52A     35.8417  -83.5959    0.3280
V53A     35.6694  -82.8124    0.6810
W45B     35.1568  -89.1860    0.1820
W50A     35.2002  -85.3119    0.5870
W52A     35.0935  -83.9277    0.5190
WCI      38.2289  -86.2939    0.2100
WVT      36.1297  -87.8300    0.1700
X48A     34.4517  -87.0452    0.1800
X51A     34.5658  -84.8574    0.2140
