LG19 10
 2.5 1 2.5 -1.02778
 3 1.5 2.5 -2.76665
 3.5 1.7 2.5 1.86977
 3.1 1.5 2.5 -1.39509
 3.3 1.6 2.5 0.437428
 5 3.4 2.5 -1.79193
 6.1 3.53 2.74 16.0494
 6.5 3.71 2.83 14.7193
 6.9 3.93 2.92 13.0867
 8.2 4.55 3.37 0
LE11 10
 2.5 1 2.5 -1.01743
 3 1.5 2.5 -1.39812
 3.5 1.7 2.5 0.39129
 3.1 1.5 2.5 0.0447741
 3.3 1.6 2.5 -1.001
 5 3.4 2.5 -1.25648
 6.1 3.53 2.74 14.9602
 6.5 3.71 2.83 15.5253
 6.9 3.93 2.92 13.7994
 8.15 4.52 3.36 0
LD10 10
 2.5 1 2.5 -1.05101
 3 1.5 2.5 -1.41268
 3.5 1.7 2.5 0.477096
 3.1 1.5 2.5 -1.001
 3.3 1.6 2.5 -1.001
 5 3.4 2.5 -1.14454
 6.1 3.53 2.74 14.7609
 6.5 3.71 2.83 15.6286
 6.9 3.93 2.92 13.8912
 8.15 4.52 3.36 0
LD12 10
 2.5 1 2.5 -1.00495
 3 1.5 2.5 -1.28548
 3.5 1.7 2.5 0.273158
 3.1 1.5 2.5 -1.14643
 3.3 1.6 2.5 0.192956
 5 3.4 2.5 -1.41031
 6.1 3.53 2.74 15.2153
 6.5 3.71 2.83 15.4771
 6.9 3.93 2.92 13.7572
 8.15 4.52 3.36 0
LF16 10
 2.5 1 2.5 -1.02136
 3 1.5 2.5 -1.9288
 3.5 1.7 2.5 0.93967
 3.1 1.5 2.5 0.0323076
 3.3 1.6 2.5 0.0133354
 5 3.4 2.5 -1.78801
 6.1 3.53 2.74 15.8441
 6.5 3.71 2.83 15.1574
 6.9 3.93 2.92 13.4765
 8.2 4.55 3.37 0
MG13 10
 2.5 1 2.5 -1.02259
 3 1.5 2.5 -1.67178
 3.5 1.7 2.5 0.727924
 3.1 1.5 2.5 -1.001
 3.3 1.6 2.5 -1.001
 5 3.4 2.5 -1.001
 6.1 3.53 2.74 14.628
 6.5 3.71 2.83 15.4042
 6.9 3.93 2.92 13.6915
 8.2 4.55 3.37 0
MF12 10
 2.5 1 2.5 -1.00468
 3 1.5 2.5 -1.46308
 3.5 1.7 2.5 0.488703
 3.1 1.5 2.5 -1.001
 3.3 1.6 2.5 -1.001
 5 3.4 2.5 -1.00298
 6.1 3.53 2.74 14.5206
 6.5 3.71 2.83 15.5547
 6.9 3.93 2.92 13.8233
 8.2 4.55 3.37 0
LE15 10
 2.5 1 2.5 -1.00473
 3 1.5 2.5 -1.79406
 3.5 1.7 2.5 0.79198
 3.1 1.5 2.5 -1.11503
 3.3 1.6 2.5 0.163966
 5 3.4 2.5 -1.8073
 6.1 3.53 2.74 15.9119
 6.5 3.71 2.83 15.1618
 6.9 3.93 2.92 13.4796
 8.2 4.55 3.37 0
MH14 10
 2.5 1 2.5 -1.04901
 3 1.5 2.5 -2.09236
 3.5 1.7 2.5 1.18124
 3.1 1.5 2.5 -1.001
 3.3 1.6 2.5 -1.001
 5 3.4 2.5 -1.001
 6.1 3.53 2.74 14.6882
 6.5 3.71 2.83 15.1538
 6.9 3.93 2.92 13.4717
 8.2 4.55 3.37 0
LE13 10
 2.5 1 2.5 -1.0058
 3 1.5 2.5 -1.50037
 3.5 1.7 2.5 0.479571
 3.1 1.5 2.5 -1.14507
 3.3 1.6 2.5 0.197568
 5 3.4 2.5 -1.52192
 6.1 3.53 2.74 15.4114
 6.5 3.71 2.83 15.3465
 6.9 3.93 2.92 13.6419
 8.2 4.55 3.37 0
LG21 10
 2.5 1 2.5 0.00919017
 3 1.5 2.5 -2.8118
 3.5 1.7 2.5 1.93941
 3.1 1.5 2.5 -1.43224
 3.3 1.6 2.5 0.456777
 5 3.4 2.5 -2.12856
 6.1 3.53 2.74 16.5315
 6.5 3.71 2.83 14.4811
 6.9 3.93 2.92 12.8733
 8.14 4.52 3.35 0
LG25 10
 2.5 1 2.5 0.103038
 3 1.5 2.5 -3.13267
 3.5 1.7 2.5 2.27095
 3.1 1.5 2.5 -1.55493
 3.3 1.6 2.5 0.534417
 5 3.4 2.5 -1.94584
 6.1 3.53 2.74 16.5675
 6.5 3.71 2.83 14.21
 6.9 3.93 2.92 12.6312
 8.14 4.52 3.35 0
LG25A 10
 2.5 1 2.5 0.103038
 3 1.5 2.5 -3.13267
 3.5 1.7 2.5 2.27095
 3.1 1.5 2.5 -1.55493
 3.3 1.6 2.5 0.534417
 5 3.4 2.5 -1.94584
 6.1 3.53 2.74 16.5668
 6.5 3.71 2.83 14.2115
 6.9 3.93 2.92 12.6325
 8.14 4.52 3.35 0
MG09 10
 2.5 1 2.5 0.00961984
 3 1.5 2.5 -1.38127
 3.5 1.7 2.5 0.388717
 3.1 1.5 2.5 -1.001
 3.3 1.6 2.5 -1.001
 5 3.4 2.5 -1.001
 6.1 3.53 2.74 14.1566
 6.5 3.71 2.83 15.7843
 6.9 3.93 2.92 14.0216
 8.2 4.55 3.37 0
MG07 10
 2.5 1 2.5 -1.00212
 3 1.5 2.5 -1.40867
 3.5 1.7 2.5 0.414663
 3.1 1.5 2.5 -1.001
 3.3 1.6 2.5 -1.001
 5 3.4 2.5 -1.001
 6.1 3.53 2.74 13.9721
 6.5 3.71 2.83 15.8422
 6.9 3.93 2.92 14.0707
 8.2 4.55 3.37 0
MG05 10
 2.5 1 2.5 -1.03399
 3 1.5 2.5 -1.19909
 3.5 1.7 2.5 0.235085
 3.1 1.5 2.5 -1.001
 3.3 1.6 2.5 -1.001
 5 3.4 2.5 -1.001
 6.1 3.53 2.74 13.8797
 6.5 3.71 2.83 15.7207
 6.9 3.93 2.92 13.9623
 8.2 4.55 3.37 0
MF10 10
 2.5 1 2.5 -1.00784
 3 1.5 2.5 -1.40505
 3.5 1.7 2.5 0.421533
 3.1 1.5 2.5 -1.001
 3.3 1.6 2.5 -1.001
 5 3.4 2.5 -1.001
 6.1 3.53 2.74 14.2876
 6.5 3.71 2.83 15.7582
 6.9 3.93 2.92 14.0013
 8.2 4.55 3.37 0
MF08 10
 2.5 1 2.5 -1.02258
 3 1.5 2.5 -1.37399
 3.5 1.7 2.5 0.399892
 3.1 1.5 2.5 -1.001
 3.3 1.6 2.5 -1.001
 5 3.4 2.5 -1.001
 6.1 3.53 2.74 14.072
 6.5 3.71 2.83 15.8119
 6.9 3.93 2.92 14.0469
 8.2 4.55 3.37 0
ME09 10
 2.5 1 2.5 -1.02216
 3 1.5 2.5 -1.3364
 3.5 1.7 2.5 0.368754
 3.1 1.5 2.5 -1.001
 3.3 1.6 2.5 -1.001
 5 3.4 2.5 -1.06527
 6.1 3.53 2.74 14.5493
 6.5 3.71 2.83 15.6497
 6.9 3.93 2.92 13.9078
 8.2 4.55 3.37 0
ME07 10
 2.5 1 2.5 -1.04996
 3 1.5 2.5 -1.3836
 3.5 1.7 2.5 0.435911
 3.1 1.5 2.5 -1.001
 3.3 1.6 2.5 -1.001
 5 3.4 2.5 -1.001
 6.1 3.53 2.74 14.1847
 6.5 3.71 2.83 15.8015
 6.9 3.93 2.92 14.0405
 8.2 4.55 3.37 0
MF14 10
 2.5 1 2.5 -1.01827
 3 1.5 2.5 -1.75887
 3.5 1.7 2.5 0.80321
 3.1 1.5 2.5 -1.001
 3.3 1.6 2.5 -1.00269
 5 3.4 2.5 -1.29756
 6.1 3.53 2.74 15.0798
 6.5 3.71 2.83 15.3633
 6.9 3.93 2.92 13.6564
 8.2 4.55 3.37 0
MG03 10
 2.5 1 2.5 -1.06999
 3 1.5 2.5 -1.33034
 3.5 1.7 2.5 0.402328
 3.1 1.5 2.5 -1.001
 3.3 1.6 2.5 -1.001
 5 3.4 2.5 -1.001
 6.1 3.53 2.74 13.8105
 6.5 3.71 2.83 15.5819
 6.9 3.93 2.92 13.8406
 8.26 4.58 3.4 0
MD08 10
 2.5 1 2.5 -1.08132
 3 1.5 2.5 -1.58858
 3.5 1.7 2.5 0.672691
 3.1 1.5 2.5 -1.001
 3.3 1.6 2.5 -1.001
 5 3.4 2.5 -1.001
 6.1 3.53 2.74 14.3423
 6.5 3.71 2.83 15.8233
 6.9 3.93 2.92 14.0628
 8.15 4.52 3.36 0
MG15 10
 2.5 1 2.5 -1.0471
 3 1.5 2.5 -2.40985
 3.5 1.7 2.5 1.49681
 3.1 1.5 2.5 -1.001
 3.3 1.6 2.5 -1.001
 5 3.4 2.5 -1.001
 6.1 3.53 2.74 14.8921
 6.5 3.71 2.83 15.1736
 6.9 3.93 2.92 13.4912
 8.2 4.55 3.37 0
MG15A 10
 2.5 1 2.5 -1.04885
 3 1.5 2.5 -2.5721
 3.5 1.7 2.5 1.66326
 3.1 1.5 2.5 -1.001
 3.3 1.6 2.5 -1.001
 5 3.4 2.5 -1.001
 6.1 3.53 2.74 14.9203
 6.5 3.71 2.83 15.1562
 6.9 3.93 2.92 13.476
 8.2 4.55 3.37 0
MF04 10
 2.5 1 2.5 -1.06686
 3 1.5 2.5 -1.43864
 3.5 1.7 2.5 0.5075
 3.1 1.5 2.5 -1.001
 3.3 1.6 2.5 -1.001
 5 3.4 2.5 -1.001
 6.1 3.53 2.74 13.8993
 6.5 3.71 2.83 15.6093
 6.9 3.93 2.92 13.8673
 8.26 4.58 3.4 0
MF02 10
 2.5 1 2.5 -1.0763
 3 1.5 2.5 -1.5055
 3.5 1.7 2.5 0.583809
 3.1 1.5 2.5 -1.001
 3.3 1.6 2.5 -1.001
 5 3.4 2.5 -1.001
 6.1 3.53 2.74 13.7793
 6.5 3.71 2.83 15.4667
 6.9 3.93 2.92 13.7412
 8.26 4.58 3.4 0
ME01 10
 2.5 1 2.5 -1.07505
 3 1.5 2.5 -1.6435
 3.5 1.7 2.5 0.720654
 3.1 1.5 2.5 -1.001
 3.3 1.6 2.5 -1.001
 5 3.4 2.5 -1.001
 6.1 3.53 2.74 13.7127
 6.5 3.71 2.83 15.3585
 6.9 3.93 2.92 13.6469
 8.26 4.58 3.4 0
ME05 10
 2.5 1 2.5 -1.07666
 3 1.5 2.5 -1.61999
 3.5 1.7 2.5 0.698649
 3.1 1.5 2.5 -1.001
 3.3 1.6 2.5 -1.001
 5 3.4 2.5 -1.001
 6.1 3.53 2.74 14.0328
 6.5 3.71 2.83 15.6501
 6.9 3.93 2.92 13.9063
 8.2 4.55 3.37 0
MD04 10
 2.5 1 2.5 -1.08606
 3 1.5 2.5 -1.88546
 3.5 1.7 2.5 0.974324
 3.1 1.5 2.5 -1.001
 3.3 1.6 2.5 -1.001
 5 3.4 2.5 -1.001
 6.1 3.53 2.74 13.9753
 6.5 3.71 2.83 15.5243
 6.9 3.93 2.92 13.7969
 8.28 4.59 3.4 0
MD06 10
 2.5 1 2.5 -1.08689
 3 1.5 2.5 -1.75522
 3.5 1.7 2.5 0.844206
 3.1 1.5 2.5 -1.001
 3.3 1.6 2.5 -1.001
 5 3.4 2.5 -1.001
 6.1 3.53 2.74 14.1626
 6.5 3.71 2.83 15.6821
 6.9 3.93 2.92 13.9371
 8.15 4.52 3.36 0
MD02 10
 2.5 1 2.5 -1.074
 3 1.5 2.5 -1.90161
 3.5 1.7 2.5 0.9782
 3.1 1.5 2.5 -1.001
 3.3 1.6 2.5 -1.001
 5 3.4 2.5 -1.001
 6.1 3.53 2.74 13.7247
 6.5 3.71 2.83 15.3072
 6.9 3.93 2.92 13.6043
 8.28 4.59 3.4 0
ME03 10
 2.5 1 2.5 -1.08076
 3 1.5 2.5 -1.63314
 3.5 1.7 2.5 0.715971
 3.1 1.5 2.5 -1.001
 3.3 1.6 2.5 -1.001
 5 3.4 2.5 -1.001
 6.1 3.53 2.74 13.8566
 6.5 3.71 2.83 15.4962
 6.9 3.93 2.92 13.7692
 8.26 4.58 3.4 0
LF20 10
 2.5 1 2.5 -1.00788
 3 1.5 2.5 -2.53323
 3.5 1.7 2.5 1.66322
 3.1 1.5 2.5 -1.39789
 3.3 1.6 2.5 0.412427
 5 3.4 2.5 -2.27319
 6.1 3.53 2.74 16.6402
 6.5 3.71 2.83 14.4713
 6.9 3.93 2.92 12.8638
 8.14 4.52 3.35 0
LH18 10
 2.5 1 2.5 -1.04367
 3 1.5 2.5 -3.19614
 3.5 1.7 2.5 2.29283
 3.1 1.5 2.5 -1.32522
 3.3 1.6 2.5 0.382734
 5 3.4 2.5 -1.30055
 6.1 3.53 2.74 15.4301
 6.5 3.71 2.83 14.6704
 6.9 3.93 2.92 13.0442
 8.2 4.55 3.37 0
LH20 10
 2.5 1 2.5 0.0200084
 3 1.5 2.5 -3.05963
 3.5 1.7 2.5 2.18353
 3.1 1.5 2.5 -1.62175
 3.3 1.6 2.5 0.660718
 5 3.4 2.5 -1.77543
 6.1 3.53 2.74 16.1809
 6.5 3.71 2.83 14.5685
 6.9 3.93 2.92 12.9523
 8.14 4.52 3.35 0
LF22 10
 2.5 1 2.5 0.0145027
 3 1.5 2.5 -2.59085
 3.5 1.7 2.5 1.74735
 3.1 1.5 2.5 -1.63751
 3.3 1.6 2.5 0.623443
 5 3.4 2.5 -2.1923
 6.1 3.53 2.74 16.6898
 6.5 3.71 2.83 14.2472
 6.9 3.93 2.92 12.6636
 8.14 4.52 3.35 0
LF18 10
 2.5 1 2.5 -1.0237
 3 1.5 2.5 -2.17442
 3.5 1.7 2.5 1.25897
 3.1 1.5 2.5 -1.38602
 3.3 1.6 2.5 0.411575
 5 3.4 2.5 -1.96578
 6.1 3.53 2.74 16.1595
 6.5 3.71 2.83 14.8154
 6.9 3.93 2.92 13.1714
 8.2 4.55 3.37 0
LH16 10
 2.5 1 2.5 -1.06029
 3 1.5 2.5 -3.182
 3.5 1.7 2.5 2.25139
 3.1 1.5 2.5 0.0367769
 3.3 1.6 2.5 0.0196673
 5 3.4 2.5 -1.001
 6.1 3.53 2.74 15.0128
 6.5 3.71 2.83 14.8225
 6.9 3.93 2.92 13.1803
 8.2 4.55 3.37 0
LD16 10
 2.5 1 2.5 0.0183287
 3 1.5 2.5 -1.85702
 3.5 1.7 2.5 0.865841
 3.1 1.5 2.5 -1.27286
 3.3 1.6 2.5 0.32472
 5 3.4 2.5 -1.81884
 6.1 3.53 2.74 15.992
 6.5 3.71 2.83 14.9868
 6.9 3.93 2.92 13.3219
 8.15 4.52 3.36 0
LD18 10
 2.5 1 2.5 0.0184368
 3 1.5 2.5 -2.02238
 3.5 1.7 2.5 1.086
 3.1 1.5 2.5 -1.30698
 3.3 1.6 2.5 0.33689
 5 3.4 2.5 -2.04898
 6.1 3.53 2.74 16.2632
 6.5 3.71 2.83 14.7155
 6.9 3.93 2.92 13.0796
 8.15 4.52 3.36 0
LE21 10
 2.5 1 2.5 -1.03749
 3 1.5 2.5 -2.20235
 3.5 1.7 2.5 1.3588
 3.1 1.5 2.5 -1.50946
 3.3 1.6 2.5 0.50305
 5 3.4 2.5 -2.40917
 6.1 3.53 2.74 16.7777
 6.5 3.71 2.83 14.2363
 6.9 3.93 2.92 12.6527
 8.14 4.52 3.35 0
LD14 10
 2.5 1 2.5 0.0116564
 3 1.5 2.5 -1.61223
 3.5 1.7 2.5 0.597075
 3.1 1.5 2.5 -1.14666
 3.3 1.6 2.5 0.191705
 5 3.4 2.5 -1.68596
 6.1 3.53 2.74 15.7374
 6.5 3.71 2.83 15.2825
 6.9 3.93 2.92 13.5853
 8.15 4.52 3.36 0
LC15 10
 2.5 1 2.5 0.0259258
 3 1.5 2.5 -1.78432
 3.5 1.7 2.5 0.779676
 3.1 1.5 2.5 -1.11297
 3.3 1.6 2.5 0.165736
 5 3.4 2.5 -1.81853
 6.1 3.53 2.74 16.009
 6.5 3.71 2.83 15.1236
 6.9 3.93 2.92 13.443
 8.15 4.52 3.36 0
LA17 10
 2.5 1 2.5 0.0711875
 3 1.5 2.5 -1.73921
 3.5 1.7 2.5 0.809138
 3.1 1.5 2.5 -1.27395
 3.3 1.6 2.5 0.303329
 5 3.4 2.5 -1.82236
 6.1 3.53 2.74 15.9335
 6.5 3.71 2.83 14.6547
 6.9 3.93 2.92 13.0242
 8.15 4.52 3.36 0
LA19 10
 2.5 1 2.5 0.040609
 3 1.5 2.5 -1.64217
 3.5 1.7 2.5 0.803868
 3.1 1.5 2.5 -1.29684
 3.3 1.6 2.5 0.297689
 5 3.4 2.5 -2.08336
 6.1 3.53 2.74 16.2089
 6.5 3.71 2.83 14.3262
 6.9 3.93 2.92 12.7318
 8.15 4.52 3.36 0
LA21 10
 2.5 1 2.5 0.0209031
 3 1.5 2.5 -1.51638
 3.5 1.7 2.5 0.646183
 3.1 1.5 2.5 -1.26251
 3.3 1.6 2.5 0.283575
 5 3.4 2.5 -2.24665
 6.1 3.53 2.74 16.4269
 6.5 3.71 2.83 14.0514
 6.9 3.93 2.92 12.4879
 8.15 4.52 3.36 0
LB16 10
 2.5 1 2.5 0.0497915
 3 1.5 2.5 -1.80529
 3.5 1.7 2.5 0.813885
 3.1 1.5 2.5 -1.14571
 3.3 1.6 2.5 0.184133
 5 3.4 2.5 -1.83702
 6.1 3.53 2.74 16.0704
 6.5 3.71 2.83 14.9917
 6.9 3.93 2.92 13.324
 8.15 4.52 3.36 0
LB18 10
 2.5 1 2.5 0.0534517
 3 1.5 2.5 -1.93609
 3.5 1.7 2.5 0.99903
 3.1 1.5 2.5 -1.10937
 3.3 1.6 2.5 0.151682
 5 3.4 2.5 -2.06238
 6.1 3.53 2.74 16.2821
 6.5 3.71 2.83 14.5887
 6.9 3.93 2.92 12.9645
 8.15 4.52 3.36 0
LB20 10
 2.5 1 2.5 0.00957202
 3 1.5 2.5 -1.89753
 3.5 1.7 2.5 1.03269
 3.1 1.5 2.5 -1.24972
 3.3 1.6 2.5 0.264763
 5 3.4 2.5 -2.19927
 6.1 3.53 2.74 16.3926
 6.5 3.71 2.83 14.1195
 6.9 3.93 2.92 12.5457
 8.15 4.52 3.36 0
LB22 10
 2.5 1 2.5 -1.03974
 3 1.5 2.5 -2.02793
 3.5 1.7 2.5 1.14077
 3.1 1.5 2.5 -1.29724
 3.3 1.6 2.5 0.282689
 5 3.4 2.5 -2.32106
 6.1 3.53 2.74 16.5259
 6.5 3.71 2.83 13.7273
 6.9 3.93 2.92 12.1956
 8.15 4.52 3.36 0
LC19 10
 2.5 1 2.5 0.00779929
 3 1.5 2.5 -2.04197
 3.5 1.7 2.5 1.15999
 3.1 1.5 2.5 -1.19366
 3.3 1.6 2.5 0.212482
 5 3.4 2.5 -2.28847
 6.1 3.53 2.74 16.5233
 6.5 3.71 2.83 14.3158
 6.9 3.93 2.92 12.7215
 8.15 4.52 3.36 0
LD20 10
 2.5 1 2.5 -1.01398
 3 1.5 2.5 -2.10743
 3.5 1.7 2.5 1.23433
 3.1 1.5 2.5 -1.31724
 3.3 1.6 2.5 0.319513
 5 3.4 2.5 -2.39096
 6.1 3.53 2.74 16.6681
 6.5 3.71 2.83 14.3814
 6.9 3.93 2.92 12.7814
 8.15 4.52 3.36 0
LC21 10
 2.5 1 2.5 -1.08366
 3 1.5 2.5 -2.22263
 3.5 1.7 2.5 1.37383
 3.1 1.5 2.5 -1.27209
 3.3 1.6 2.5 0.271728
 5 3.4 2.5 -2.44268
 6.1 3.53 2.74 16.7022
 6.5 3.71 2.83 13.9919
 6.9 3.93 2.92 12.4327
 8.15 4.52 3.36 0
LD22 10
 2.5 1 2.5 -1.11078
 3 1.5 2.5 -2.35778
 3.5 1.7 2.5 1.54065
 3.1 1.5 2.5 -1.29167
 3.3 1.6 2.5 0.284383
 5 3.4 2.5 -2.50224
 6.1 3.53 2.74 16.8912
 6.5 3.71 2.83 13.9549
 6.9 3.93 2.92 12.401
 8.15 4.52 3.36 0
LE17 10
 2.5 1 2.5 -1.0053
 3 1.5 2.5 -1.90671
 3.5 1.7 2.5 0.979923
 3.1 1.5 2.5 -1.3333
 3.3 1.6 2.5 0.345413
 5 3.4 2.5 -2.15524
 6.1 3.53 2.74 16.3632
 6.5 3.71 2.83 14.807
 6.9 3.93 2.92 13.1624
 8.2 4.55 3.37 0
LE19 10
 2.5 1 2.5 -1.01405
 3 1.5 2.5 -2.04626
 3.5 1.7 2.5 1.16977
 3.1 1.5 2.5 -1.4636
 3.3 1.6 2.5 0.46704
 5 3.4 2.5 -2.3474
 6.1 3.53 2.74 16.6453
 6.5 3.71 2.83 14.4561
 6.9 3.93 2.92 12.849
 8.15 4.52 3.36 0
LB24 10
 2.5 1 2.5 -1.00868
 3 1.5 2.5 -2.05108
 3.5 1.7 2.5 1.14238
 3.1 1.5 2.5 -1.33562
 3.3 1.6 2.5 0.341164
 5 3.4 2.5 -2.39355
 6.1 3.53 2.74 16.7149
 6.5 3.71 2.83 13.9545
 6.9 3.93 2.92 12.4006
 8.15 4.52 3.36 0
LB26 10
 2.5 1 2.5 0.0376582
 3 1.5 2.5 -1.97691
 3.5 1.7 2.5 1.08875
 3.1 1.5 2.5 -1.29722
 3.3 1.6 2.5 0.311621
 5 3.4 2.5 -2.33508
 6.1 3.53 2.74 16.7621
 6.5 3.71 2.83 14.1467
 6.9 3.93 2.92 12.5743
 8.15 4.52 3.36 0
ND26 10
 2.5 1 2.5 0.0838934
 3 1.5 2.5 -2.21959
 3.5 1.7 2.5 1.4134
 3.1 1.5 2.5 -1.39184
 3.3 1.6 2.5 0.409416
 5 3.4 2.5 -2.28144
 6.1 3.53 2.74 16.871
 6.5 3.71 2.83 14.1532
 6.9 3.93 2.92 12.5811
 8.15 4.52 3.36 0
LC25 10
 2.5 1 2.5 0.0438954
 3 1.5 2.5 -2.23572
 3.5 1.7 2.5 1.41325
 3.1 1.5 2.5 -1.29434
 3.3 1.6 2.5 0.314847
 5 3.4 2.5 -2.32348
 6.1 3.53 2.74 16.8312
 6.5 3.71 2.83 14.1244
 6.9 3.93 2.92 12.5546
 8.15 4.52 3.36 0
LD24 10
 2.5 1 2.5 -1.07124
 3 1.5 2.5 -2.40556
 3.5 1.7 2.5 1.60776
 3.1 1.5 2.5 -1.37173
 3.3 1.6 2.5 0.370583
 5 3.4 2.5 -2.40409
 6.1 3.53 2.74 16.8689
 6.5 3.71 2.83 14.0189
 6.9 3.93 2.92 12.4593
 8.15 4.52 3.36 0
LF24 10
 2.5 1 2.5 0.0248401
 3 1.5 2.5 -2.62969
 3.5 1.7 2.5 1.80039
 3.1 1.5 2.5 -1.55373
 3.3 1.6 2.5 0.522209
 5 3.4 2.5 -2.21366
 6.1 3.53 2.74 16.8004
 6.5 3.71 2.83 14.1166
 6.9 3.93 2.92 12.5472
 8.14 4.52 3.35 0
LE25 10
 2.5 1 2.5 0.0489367
 3 1.5 2.5 -2.49487
 3.5 1.7 2.5 1.67854
 3.1 1.5 2.5 -1.45265
 3.3 1.6 2.5 0.444763
 5 3.4 2.5 -2.28236
 6.1 3.53 2.74 16.936
 6.5 3.71 2.83 14.1059
 6.9 3.93 2.92 12.5389
 8.15 4.52 3.36 0
LH22 10
 2.5 1 2.5 0.136267
 3 1.5 2.5 -3.58887
 3.5 1.7 2.5 2.70723
 3.1 1.5 2.5 -1.72623
 3.3 1.6 2.5 0.751015
 5 3.4 2.5 -1.51854
 6.1 3.53 2.74 16.1223
 6.5 3.71 2.83 14.3589
 6.9 3.93 2.92 12.7648
 8.14 4.52 3.35 0
LE23 10
 2.5 1 2.5 -1.07315
 3 1.5 2.5 -2.49558
 3.5 1.7 2.5 1.69293
 3.1 1.5 2.5 -1.31406
 3.3 1.6 2.5 0.297733
 5 3.4 2.5 -2.45205
 6.1 3.53 2.74 16.9388
 6.5 3.71 2.83 14.0286
 6.9 3.93 2.92 12.4678
 8.15 4.52 3.36 0
LH24 10
 2.5 1 2.5 0.254372
 3 1.5 2.5 -3.71776
 3.5 1.7 2.5 2.80481
 3.1 1.5 2.5 -1.29054
 3.3 1.6 2.5 0.264309
 5 3.4 2.5 -1.56984
 6.1 3.53 2.74 16.3387
 6.5 3.71 2.83 14.2359
 6.9 3.93 2.92 12.6558
 8.14 4.52 3.35 0
LI21 10
 2.5 1 2.5 0.0853151
 3 1.5 2.5 -3.87184
 3.5 1.7 2.5 2.97602
 3.1 1.5 2.5 -1.86794
 3.3 1.6 2.5 0.938365
 5 3.4 2.5 -1.04706
 6.1 3.53 2.74 15.4765
 6.5 3.71 2.83 14.5023
 6.9 3.93 2.92 12.8929
 8.14 4.52 3.35 0
NB28 10
 2.5 1 2.5 0.249664
 3 1.5 2.5 -2.16582
 3.5 1.7 2.5 1.30265
 3.1 1.5 2.5 -1.28124
 3.3 1.6 2.5 0.316631
 5 3.4 2.5 -2.00825
 6.1 3.53 2.74 16.6472
 6.5 3.71 2.83 14.3989
 6.9 3.93 2.92 12.8023
 8.15 4.52 3.36 0
NC27 10
 2.5 1 2.5 0.199297
 3 1.5 2.5 -2.20137
 3.5 1.7 2.5 1.36759
 3.1 1.5 2.5 -1.27453
 3.3 1.6 2.5 0.302272
 5 3.4 2.5 -2.16332
 6.1 3.53 2.74 16.7955
 6.5 3.71 2.83 14.2532
 6.9 3.93 2.92 12.6714
 8.15 4.52 3.36 0
ND28 10
 2.5 1 2.5 0.217476
 3 1.5 2.5 -2.3824
 3.5 1.7 2.5 1.52032
 3.1 1.5 2.5 -1.34995
 3.3 1.6 2.5 0.36071
 5 3.4 2.5 -2.21036
 6.1 3.53 2.74 16.9784
 6.5 3.71 2.83 14.2064
 6.9 3.93 2.92 12.6305
 8.15 4.52 3.36 0
NC29 10
 2.5 1 2.5 0.32135
 3 1.5 2.5 -2.27836
 3.5 1.7 2.5 1.40528
 3.1 1.5 2.5 -1.27734
 3.3 1.6 2.5 0.305295
 5 3.4 2.5 -1.97321
 6.1 3.53 2.74 16.7036
 6.5 3.71 2.83 14.4119
 6.9 3.93 2.92 12.8148
 8.15 4.52 3.36 0
KF28 10
 2.5 1 2.5 0.190801
 3 1.5 2.5 -2.8063
 3.5 1.7 2.5 1.83246
 3.1 1.5 2.5 -1.44411
 3.3 1.6 2.5 0.426762
 5 3.4 2.5 -2.14614
 6.1 3.53 2.74 17.0366
 6.5 3.71 2.83 14.0871
 6.9 3.93 2.92 12.5241
 8.15 4.52 3.36 0
KF30 10
 2.5 1 2.5 0.274518
 3 1.5 2.5 -2.6573
 3.5 1.7 2.5 1.62645
 3.1 1.5 2.5 -1.31803
 3.3 1.6 2.5 0.349847
 5 3.4 2.5 -2.02837
 6.1 3.53 2.74 16.9318
 6.5 3.71 2.83 14.2283
 6.9 3.93 2.92 12.6506
 8.15 4.52 3.36 0
KG29 10
 2.5 1 2.5 0.229113
 3 1.5 2.5 -2.92625
 3.5 1.7 2.5 1.8403
 3.1 1.5 2.5 -1.39681
 3.3 1.6 2.5 0.428258
 5 3.4 2.5 -2.06856
 6.1 3.53 2.74 17.0786
 6.5 3.71 2.83 14.0574
 6.9 3.93 2.92 12.4989
 8.15 4.52 3.36 0
KJ34 10
 2.5 1 2.5 0.0998477
 3 1.5 2.5 -3.70579
 3.5 1.7 2.5 2.60577
 3.1 1.5 2.5 -1.05177
 3.3 1.6 2.5 0.148674
 5 3.4 2.5 -1.52869
 6.1 3.53 2.74 16.221
 6.5 3.71 2.83 15.0602
 6.9 3.93 2.92 13.3907
 8.14 4.52 3.35 0
KH34 10
 2.5 1 2.5 0.197332
 3 1.5 2.5 -3.3144
 3.5 1.7 2.5 2.16721
 3.1 1.5 2.5 0.0518776
 3.3 1.6 2.5 0.0357079
 5 3.4 2.5 -1.79218
 6.1 3.53 2.74 16.7091
 6.5 3.71 2.83 14.6202
 6.9 3.93 2.92 12.9967
 8.14 4.52 3.35 0
KH26 10
 2.5 1 2.5 0.290693
 3 1.5 2.5 -3.68339
 3.5 1.7 2.5 2.69591
 3.1 1.5 2.5 -1.28158
 3.3 1.6 2.5 0.268122
 5 3.4 2.5 -1.72192
 6.1 3.53 2.74 16.5826
 6.5 3.71 2.83 14.1374
 6.9 3.93 2.92 12.569
 8.14 4.52 3.35 0
KG27 10
 2.5 1 2.5 0.236308
 3 1.5 2.5 -3.13414
 3.5 1.7 2.5 2.1506
 3.1 1.5 2.5 -1.42455
 3.3 1.6 2.5 0.38675
 5 3.4 2.5 -1.96883
 6.1 3.53 2.74 16.8769
 6.5 3.71 2.83 14.0829
 6.9 3.93 2.92 12.5202
 8.15 4.52 3.36 0
KI31 10
 2.5 1 2.5 0.180796
 3 1.5 2.5 -3.629
 3.5 1.7 2.5 2.49008
 3.1 1.5 2.5 -1.17608
 3.3 1.6 2.5 0.258982
 5 3.4 2.5 -1.96062
 6.1 3.53 2.74 16.6753
 6.5 3.71 2.83 14.3403
 6.9 3.93 2.92 12.7511
 8.15 4.52 3.36 0
KJ30 10
 2.5 1 2.5 0.144743
 3 1.5 2.5 -4.10758
 3.5 1.7 2.5 2.99544
 3.1 1.5 2.5 0.00313568
 3.3 1.6 2.5 0.0871403
 5 3.4 2.5 -1.76051
 6.1 3.53 2.74 16.2209
 6.5 3.71 2.83 14.377
 6.9 3.93 2.92 12.785
 8.15 4.52 3.36 0
NE31 10
 2.5 1 2.5 0.325346
 3 1.5 2.5 -2.48166
 3.5 1.7 2.5 1.43085
 3.1 1.5 2.5 -1.23193
 3.3 1.6 2.5 0.29425
 5 3.4 2.5 -1.83866
 6.1 3.53 2.74 16.6087
 6.5 3.71 2.83 14.45
 6.9 3.93 2.92 12.8465
 8.15 4.52 3.36 0
ND32 10
 2.5 1 2.5 0.364826
 3 1.5 2.5 -2.29465
 3.5 1.7 2.5 1.27709
 3.1 1.5 2.5 -1.17409
 3.3 1.6 2.5 0.240895
 5 3.4 2.5 -1.6994
 6.1 3.53 2.74 16.3315
 6.5 3.71 2.83 14.5812
 6.9 3.93 2.92 12.9625
 8.15 4.52 3.36 0
NE33 10
 2.5 1 2.5 0.305866
 3 1.5 2.5 -2.22151
 3.5 1.7 2.5 1.14258
 3.1 1.5 2.5 -1.10135
 3.3 1.6 2.5 0.201475
 5 3.4 2.5 -1.6488
 6.1 3.53 2.74 16.2718
 6.5 3.71 2.83 14.6855
 6.9 3.93 2.92 13.0542
 8.15 4.52 3.36 0
NF32 10
 2.5 1 2.5 0.287717
 3 1.5 2.5 -2.6403
 3.5 1.7 2.5 1.53789
 3.1 1.5 2.5 -1.21483
 3.3 1.6 2.5 0.291765
 5 3.4 2.5 -1.82381
 6.1 3.53 2.74 16.6413
 6.5 3.71 2.83 14.4515
 6.9 3.93 2.92 12.8475
 8.15 4.52 3.36 0
NE29 10
 2.5 1 2.5 0.308215
 3 1.5 2.5 -2.49558
 3.5 1.7 2.5 1.5274
 3.1 1.5 2.5 -1.29769
 3.3 1.6 2.5 0.323144
 5 3.4 2.5 -1.99342
 6.1 3.53 2.74 16.8264
 6.5 3.71 2.83 14.2973
 6.9 3.93 2.92 12.7122
 8.15 4.52 3.36 0
NE27 10
 2.5 1 2.5 0.155746
 3 1.5 2.5 -2.45978
 3.5 1.7 2.5 1.59457
 3.1 1.5 2.5 -1.39388
 3.3 1.6 2.5 0.394583
 5 3.4 2.5 -2.26415
 6.1 3.53 2.74 17.0285
 6.5 3.71 2.83 14.139
 6.9 3.93 2.92 12.5698
 8.15 4.52 3.36 0
NC33 10
 2.5 1 2.5 0.378821
 3 1.5 2.5 -2.21168
 3.5 1.7 2.5 1.21814
 3.1 1.5 2.5 -1.17726
 3.3 1.6 2.5 0.251738
 5 3.4 2.5 -1.60388
 6.1 3.53 2.74 16.1384
 6.5 3.71 2.83 14.6361
 6.9 3.93 2.92 13.0111
 8.15 4.52 3.36 0
ND30 10
 2.5 1 2.5 0.35133
 3 1.5 2.5 -2.42873
 3.5 1.7 2.5 1.46594
 3.1 1.5 2.5 -1.25593
 3.3 1.6 2.5 0.284027
 5 3.4 2.5 -1.87516
 6.1 3.53 2.74 16.6168
 6.5 3.71 2.83 14.4308
 6.9 3.93 2.92 12.8301
 8.15 4.52 3.36 0
KG31 10
 2.5 1 2.5 0.245106
 3 1.5 2.5 -3.02538
 3.5 1.7 2.5 1.89308
 3.1 1.5 2.5 -1.29668
 3.3 1.6 2.5 0.374296
 5 3.4 2.5 -1.84498
 6.1 3.53 2.74 16.7732
 6.5 3.71 2.83 14.3327
 6.9 3.93 2.92 12.7422
 8.15 4.52 3.36 0
KH28 10
 2.5 1 2.5 0.235987
 3 1.5 2.5 -3.3564
 3.5 1.7 2.5 2.28435
 3.1 1.5 2.5 -1.36006
 3.3 1.6 2.5 0.369565
 5 3.4 2.5 -2.02222
 6.1 3.53 2.74 17.0274
 6.5 3.71 2.83 13.9928
 6.9 3.93 2.92 12.441
 8.15 4.52 3.36 0
KH30 10
 2.5 1 2.5 0.214688
 3 1.5 2.5 -3.30013
 3.5 1.7 2.5 2.17217
 3.1 1.5 2.5 -1.34059
 3.3 1.6 2.5 0.38766
 5 3.4 2.5 -2.09931
 6.1 3.53 2.74 17.1507
 6.5 3.71 2.83 13.9498
 6.9 3.93 2.92 12.4032
 8.15 4.52 3.36 0
KH32 10
 2.5 1 2.5 0.203454
 3 1.5 2.5 -3.35044
 3.5 1.7 2.5 2.20537
 3.1 1.5 2.5 -1.28741
 3.3 1.6 2.5 0.364079
 5 3.4 2.5 -2.03821
 6.1 3.53 2.74 16.9733
 6.5 3.71 2.83 14.2227
 6.9 3.93 2.92 12.6453
 8.15 4.52 3.36 0
KI25 10
 2.5 1 2.5 0.273047
 3 1.5 2.5 -4.04225
 3.5 1.7 2.5 3.06473
 3.1 1.5 2.5 -1.44162
 3.3 1.6 2.5 0.474623
 5 3.4 2.5 -1.44984
 6.1 3.53 2.74 16.1135
 6.5 3.71 2.83 14.2992
 6.9 3.93 2.92 12.713
 8.14 4.52 3.35 0
KI29 10
 2.5 1 2.5 0.198349
 3 1.5 2.5 -3.71748
 3.5 1.7 2.5 2.5997
 3.1 1.5 2.5 -1.20803
 3.3 1.6 2.5 0.266842
 5 3.4 2.5 -2.08545
 6.1 3.53 2.74 16.7947
 6.5 3.71 2.83 14.0345
 6.9 3.93 2.92 12.4798
 8.15 4.52 3.36 0
KI33 10
 2.5 1 2.5 0.160115
 3 1.5 2.5 -3.19481
 3.5 1.7 2.5 2.04528
 3.1 1.5 2.5 -1.27026
 3.3 1.6 2.5 0.359892
 5 3.4 2.5 -1.77854
 6.1 3.53 2.74 16.6118
 6.5 3.71 2.83 14.7572
 6.9 3.93 2.92 13.1198
 8.14 4.52 3.35 0
KK34 10
 2.5 1 2.5 0.0242946
 3 1.5 2.5 -3.56478
 3.5 1.7 2.5 2.53403
 3.1 1.5 2.5 -1.00887
 3.3 1.6 2.5 0.092701
 5 3.4 2.5 -1.31693
 6.1 3.53 2.74 15.9754
 6.5 3.71 2.83 15.4989
 6.9 3.93 2.92 13.7819
 8.16 4.53 3.36 0
KK36 10
 2.5 1 2.5 -1.02074
 3 1.5 2.5 -3.27592
 3.5 1.7 2.5 2.28745
 3.1 1.5 2.5 -1.0647
 3.3 1.6 2.5 0.131942
 5 3.4 2.5 -1.24424
 6.1 3.53 2.74 16.1145
 6.5 3.71 2.83 15.9227
 6.9 3.93 2.92 14.1576
 8.16 4.53 3.36 0
KG35 10
 2.5 1 2.5 0.152394
 3 1.5 2.5 -2.43379
 3.5 1.7 2.5 1.35685
 3.1 1.5 2.5 -1.10191
 3.3 1.6 2.5 0.184964
 5 3.4 2.5 -1.53248
 6.1 3.53 2.74 16.2631
 6.5 3.71 2.83 14.9458
 6.9 3.93 2.92 13.2844
 8.14 4.52 3.35 0
LF26 10
 2.5 1 2.5 0.135
 3 1.5 2.5 -2.84889
 3.5 1.7 2.5 1.973
 3.1 1.5 2.5 -1.50119
 3.3 1.6 2.5 0.454619
 5 3.4 2.5 -2.05363
 6.1 3.53 2.74 16.813
 6.5 3.71 2.83 14.1248
 6.9 3.93 2.92 12.5562
 8.14 4.52 3.35 0
KH36 10
 2.5 1 2.5 0.12522
 3 1.5 2.5 -3.14126
 3.5 1.7 2.5 2.03514
 3.1 1.5 2.5 -1.02422
 3.3 1.6 2.5 0.113958
 5 3.4 2.5 -1.53127
 6.1 3.53 2.74 16.3597
 6.5 3.71 2.83 15.0155
 6.9 3.93 2.92 13.3468
 8.14 4.52 3.35 0
KJ40 10
 2.5 1 2.5 -1.19568
 3 1.5 2.5 -2.66045
 3.5 1.7 2.5 1.71797
 3.1 1.5 2.5 0.0875455
 3.3 1.6 2.5 0.0503927
 5 3.4 2.5 -1.22346
 6.1 3.53 2.74 15.6328
 6.5 3.71 2.83 15.6458
 6.9 3.93 2.92 13.9104
 8.14 4.52 3.35 0
KH38 10
 2.5 1 2.5 -1.02447
 3 1.5 2.5 -2.87427
 3.5 1.7 2.5 1.8432
 3.1 1.5 2.5 -1.11879
 3.3 1.6 2.5 0.209174
 5 3.4 2.5 -1.38785
 6.1 3.53 2.74 15.9784
 6.5 3.71 2.83 15.2905
 6.9 3.93 2.92 13.5921
 8.14 4.52 3.35 0
KI39 10
 2.5 1 2.5 -1.16558
 3 1.5 2.5 -2.55987
 3.5 1.7 2.5 1.5869
 3.1 1.5 2.5 0.0872325
 3.3 1.6 2.5 0.0530511
 5 3.4 2.5 -1.36747
 6.1 3.53 2.74 15.741
 6.5 3.71 2.83 15.4325
 6.9 3.93 2.92 13.7198
 8.14 4.52 3.35 0
KI39A 10
 2.5 1 2.5 -1.1393
 3 1.5 2.5 -2.61942
 3.5 1.7 2.5 1.63455
 3.1 1.5 2.5 -1.00683
 3.3 1.6 2.5 0.138672
 5 3.4 2.5 -1.33063
 6.1 3.53 2.74 15.807
 6.5 3.71 2.83 15.4354
 6.9 3.93 2.92 13.7221
 8.14 4.52 3.35 0
KI35 10
 2.5 1 2.5 0.115248
 3 1.5 2.5 -3.16258
 3.5 1.7 2.5 2.03662
 3.1 1.5 2.5 -1.23938
 3.3 1.6 2.5 0.334006
 5 3.4 2.5 -1.69478
 6.1 3.53 2.74 16.5347
 6.5 3.71 2.83 15.1705
 6.9 3.93 2.92 13.4864
 8.14 4.52 3.35 0
KF34 10
 2.5 1 2.5 0.241796
 3 1.5 2.5 -2.50614
 3.5 1.7 2.5 1.40341
 3.1 1.5 2.5 -1.08747
 3.3 1.6 2.5 0.180939
 5 3.4 2.5 -1.63633
 6.1 3.53 2.74 16.345
 6.5 3.71 2.83 14.7355
 6.9 3.93 2.92 13.0983
 8.14 4.52 3.35 0
KG37 10
 2.5 1 2.5 0.028569
 3 1.5 2.5 -1.79312
 3.5 1.7 2.5 0.75287
 3.1 1.5 2.5 0.0643781
 3.3 1.6 2.5 0.0631085
 5 3.4 2.5 -1.38265
 6.1 3.53 2.74 15.8473
 6.5 3.71 2.83 15.1388
 6.9 3.93 2.92 13.4563
 8.14 4.52 3.35 0
KG41 10
 2.5 1 2.5 -1.12763
 3 1.5 2.5 -2.16948
 3.5 1.7 2.5 1.20645
 3.1 1.5 2.5 0.113533
 3.3 1.6 2.5 0.0318208
 5 3.4 2.5 -1.06534
 6.1 3.53 2.74 15.0069
 6.5 3.71 2.83 15.3265
 6.9 3.93 2.92 13.625
 8.18 4.54 3.37 0
KI37 10
 2.5 1 2.5 -1.03069
 3 1.5 2.5 -3.09269
 3.5 1.7 2.5 2.05717
 3.1 1.5 2.5 -1.06749
 3.3 1.6 2.5 0.162766
 5 3.4 2.5 -1.41374
 6.1 3.53 2.74 16.1584
 6.5 3.71 2.83 15.5153
 6.9 3.93 2.92 13.7927
 8.14 4.52 3.35 0
KJ36 10
 2.5 1 2.5 0.0242805
 3 1.5 2.5 -3.43278
 3.5 1.7 2.5 2.38457
 3.1 1.5 2.5 -1.07861
 3.3 1.6 2.5 0.184883
 5 3.4 2.5 -1.37033
 6.1 3.53 2.74 16.2053
 6.5 3.71 2.83 15.6385
 6.9 3.93 2.92 13.9036
 8.14 4.52 3.35 0
KH42 10
 2.5 1 2.5 -1.19659
 3 1.5 2.5 -2.10276
 3.5 1.7 2.5 1.15625
 3.1 1.5 2.5 0.156414
 3.3 1.6 2.5 -1.00282
 5 3.4 2.5 -1.13981
 6.1 3.53 2.74 14.8878
 6.5 3.71 2.83 15.1498
 6.9 3.93 2.92 13.4689
 8.18 4.54 3.37 0
KK42 10
 2.5 1 2.5 -1.17283
 3 1.5 2.5 -2.53236
 3.5 1.7 2.5 1.60858
 3.1 1.5 2.5 0.136754
 3.3 1.6 2.5 -1.00501
 5 3.4 2.5 -1.05687
 6.1 3.53 2.74 15.4399
 6.5 3.71 2.83 15.9235
 6.9 3.93 2.92 14.1587
 8.17 4.53 3.36 0
LOKY 10
 2.5 1 2.5 0.210047
 3 1.5 2.5 -4.3538
 3.5 1.7 2.5 3.40833
 3.1 1.5 2.5 -1.525
 3.3 1.6 2.5 0.584141
 5 3.4 2.5 -1.18169
 6.1 3.53 2.74 15.7728
 6.5 3.71 2.83 14.4309
 6.9 3.93 2.92 12.8296
 8.14 4.52 3.35 0
KI27 10
 2.5 1 2.5 0.240965
 3 1.5 2.5 -3.92542
 3.5 1.7 2.5 2.8589
 3.1 1.5 2.5 -1.29386
 3.3 1.6 2.5 0.345852
 5 3.4 2.5 -1.85206
 6.1 3.53 2.74 16.524
 6.5 3.71 2.83 14.1747
 6.9 3.93 2.92 12.6035
 8.15 4.52 3.36 0
KI41 10
 2.5 1 2.5 -1.23607
 3 1.5 2.5 -2.3361
 3.5 1.7 2.5 1.41098
 3.1 1.5 2.5 0.126852
 3.3 1.6 2.5 0.0172146
 5 3.4 2.5 -1.22046
 6.1 3.53 2.74 15.2858
 6.5 3.71 2.83 15.4087
 6.9 3.93 2.92 13.6994
 8.18 4.54 3.37 0
KJ42 10
 2.5 1 2.5 -1.236
 3 1.5 2.5 -2.47043
 3.5 1.7 2.5 1.55979
 3.1 1.5 2.5 0.117878
 3.3 1.6 2.5 0.037767
 5 3.4 2.5 -1.17905
 6.1 3.53 2.74 15.3403
 6.5 3.71 2.83 15.6427
 6.9 3.93 2.92 13.9084
 8.18 4.54 3.37 0
KK38 10
 2.5 1 2.5 -1.09953
 3 1.5 2.5 -2.8847
 3.5 1.7 2.5 1.92207
 3.1 1.5 2.5 0.0146855
 3.3 1.6 2.5 0.0854413
 5 3.4 2.5 -1.09552
 6.1 3.53 2.74 15.8827
 6.5 3.71 2.83 16.0686
 6.9 3.93 2.92 14.2875
 8.16 4.53 3.36 0
KK40 10
 2.5 1 2.5 -1.14279
 3 1.5 2.5 -2.63782
 3.5 1.7 2.5 1.69638
 3.1 1.5 2.5 0.106547
 3.3 1.6 2.5 0.015408
 5 3.4 2.5 -1.03534
 6.1 3.53 2.74 15.6383
 6.5 3.71 2.83 16.0295
 6.9 3.93 2.92 14.253
 8.16 4.53 3.36 0
KK44 10
 2.5 1 2.5 -1.17053
 3 1.5 2.5 -2.3828
 3.5 1.7 2.5 1.49098
 3.1 1.5 2.5 0.105828
 3.3 1.6 2.5 -1.01019
 5 3.4 2.5 -1.04092
 6.1 3.53 2.74 15.2378
 6.5 3.71 2.83 15.8366
 6.9 3.93 2.92 14.0816
 8.17 4.53 3.36 0
KK46 10
 2.5 1 2.5 -1.15047
 3 1.5 2.5 -2.2418
 3.5 1.7 2.5 1.3598
 3.1 1.5 2.5 0.0868624
 3.3 1.6 2.5 -1.00891
 5 3.4 2.5 -1.02635
 6.1 3.53 2.74 14.7982
 6.5 3.71 2.83 15.2251
 6.9 3.93 2.92 13.5379
 8.17 4.53 3.36 0
SOKY 10
 2.5 1 2.5 -1.12778
 3 1.5 2.5 -2.12668
 3.5 1.7 2.5 1.16168
 3.1 1.5 2.5 -1.0244
 3.3 1.6 2.5 0.166218
 5 3.4 2.5 -1.21678
 6.1 3.53 2.74 15.2829
 6.5 3.71 2.83 15.1498
 6.9 3.93 2.92 13.4677
 8.18 4.54 3.37 0
KH44 10
 2.5 1 2.5 -1.20958
 3 1.5 2.5 -2.13291
 3.5 1.7 2.5 1.18965
 3.1 1.5 2.5 0.147086
 3.3 1.6 2.5 0.0158852
 5 3.4 2.5 -1.08157
 6.1 3.53 2.74 14.4242
 6.5 3.71 2.83 15.0311
 6.9 3.93 2.92 13.3639
 8.18 4.54 3.37 0
KH46 10
 2.5 1 2.5 -1.22777
 3 1.5 2.5 -2.11514
 3.5 1.7 2.5 1.20019
 3.1 1.5 2.5 0.154854
 3.3 1.6 2.5 -1.00519
 5 3.4 2.5 -1.0282
 6.1 3.53 2.74 13.8036
 6.5 3.71 2.83 14.3335
 6.9 3.93 2.92 12.7414
 8.18 4.54 3.37 0
KH48 6
2.5 1.07 2.11 0.7474
4.6 2.59 2.46 0.628177
6.1 3.53 2.74 12.0342
6.5 3.71 2.83 13.5462
6.9 3.93 2.92 12.0389
8.18 4.54 3.37 0
KH49 6
2.5 1.07 2.11 0.88235
4.6 2.59 2.46 0.58523
6.1 3.53 2.74 11.2409
6.5 3.71 2.83 12.6541
6.9 3.93 2.92 11.2431
8.18 4.54 3.37 0
KI43 10
 2.5 1 2.5 -1.23851
 3 1.5 2.5 -2.26982
 3.5 1.7 2.5 1.35961
 3.1 1.5 2.5 0.109407
 3.3 1.6 2.5 0.0319378
 5 3.4 2.5 -1.11964
 6.1 3.53 2.74 14.9229
 6.5 3.71 2.83 15.4162
 6.9 3.93 2.92 13.7069
 8.18 4.54 3.37 0
KI45 10
 2.5 1 2.5 -1.23662
 3 1.5 2.5 -2.15923
 3.5 1.7 2.5 1.24346
 3.1 1.5 2.5 0.158472
 3.3 1.6 2.5 -1.01208
 5 3.4 2.5 -1.03858
 6.1 3.53 2.74 14.1198
 6.5 3.71 2.83 14.5895
 6.9 3.93 2.92 12.9702
 8.18 4.54 3.37 0
KI47 6
2.5 1.07 2.11 0.7548
4.6 2.59 2.46 0.725955
6.1 3.53 2.74 12.3158
6.5 3.71 2.83 13.8594
6.9 3.93 2.92 12.3194
8.18 4.54 3.37 0
KJ46 10
 2.5 1 2.5 -1.2157
 3 1.5 2.5 -2.27973
 3.5 1.7 2.5 1.37821
 3.1 1.5 2.5 0.117461
 3.3 1.6 2.5 0.0114826
 5 3.4 2.5 -1.03946
 6.1 3.53 2.74 14.7138
 6.5 3.71 2.83 15.2423
 6.9 3.93 2.92 13.5523
 8.18 4.54 3.37 0
KJ48 6
2.5 1.07 2.11 0.7263
4.6 2.59 2.46 0.826044
6.1 3.53 2.74 12.7829
6.5 3.71 2.83 14.3815
6.9 3.93 2.92 12.7859
8.18 4.54 3.37 0
NC31 10
 2.5 1 2.5 0.399085
 3 1.5 2.5 -2.28388
 3.5 1.7 2.5 1.3568
 3.1 1.5 2.5 -1.2445
 3.3 1.6 2.5 0.280677
 5 3.4 2.5 -1.74394
 6.1 3.53 2.74 16.3446
 6.5 3.71 2.83 14.5563
 6.9 3.93 2.92 12.9414
 8.15 4.52 3.36 0
KI49 6
2.5 1.07 2.11 0.8751
4.6 2.59 2.46 0.717562
6.1 3.53 2.74 11.6958
6.5 3.71 2.83 13.1615
6.9 3.93 2.92 11.6976
8.18 4.54 3.37 0
KI51 6
2.5 1.07 2.11 0.99625
4.6 2.59 2.46 0.720567
6.1 3.53 2.74 11.1055
6.5 3.71 2.83 12.4966
6.9 3.93 2.92 11.1056
8.18 4.54 3.37 0
KI53 6
2.5 1.07 2.11 1
4.6 2.59 2.46 0.877234
6.1 3.53 2.74 12.1133
6.5 3.71 2.83 13.183
6.9 3.93 2.92 11.1954
8.18 4.54 3.37 0
KH50 6
2.5 1.07 2.11 1
4.6 2.59 2.46 0.592987
6.1 3.53 2.74 10.6625
6.5 3.71 2.83 11.9887
6.9 3.93 2.92 10.6323
8.18 4.54 3.37 0
KH54 6
2.5 1.07 2.11 1
4.6 2.59 2.46 0.881489
6.1 3.53 2.74 11.345
6.5 3.71 2.83 12.6313
6.9 3.93 2.92 11.0586
8.18 4.54 3.37 0
KJ50 6
2.5 1.07 2.11 0.9596
4.6 2.59 2.46 0.819153
6.1 3.53 2.74 11.5958
6.5 3.71 2.83 13.0452
6.9 3.93 2.92 11.5963
8.18 4.54 3.37 0
KJ52 6
2.5 1.07 2.11 1
4.6 2.59 2.46 0.92035
6.1 3.53 2.74 12.9021
6.5 3.71 2.83 13.8107
6.9 3.93 2.92 11.4631
8.17 4.53 3.36 0
KK50 6
2.5 1.07 2.11 0.8488
4.6 2.59 2.46 0.925623
6.1 3.53 2.74 12.4884
6.5 3.71 2.83 14.0462
6.9 3.93 2.92 12.4895
8.17 4.53 3.36 0
KK52 6
2.5 1.07 2.11 0.99545
4.6 2.59 2.46 0.963367
6.1 3.53 2.74 11.8661
6.5 3.71 2.83 13.3444
6.9 3.93 2.92 11.8661
8.17 4.53 3.36 0
KK48 6
2.5 1.07 2.11 0.7779
4.6 2.59 2.46 0.919364
6.1 3.53 2.74 12.8267
6.5 3.71 2.83 14.4272
6.9 3.93 2.92 12.8284
8.17 4.53 3.36 0
KH56 6
2.5 1.07 2.11 1
4.6 2.59 2.46 1.05114
6.1 3.53 2.74 12.3318
6.5 3.71 2.83 13.3875
6.9 3.93 2.92 11.3238
8.18 4.54 3.37 0
CCM 10
 2.5 1 2.5 -1.08054
 3 1.5 2.5 -1.7501
 3.5 1.7 2.5 0.832975
 3.1 1.5 2.5 -1.001
 3.3 1.6 2.5 -1.001
 5 3.4 2.5 -1.001
 6.1 3.53 2.74 13.8246
 6.5 3.71 2.83 15.4274
 6.9 3.93 2.92 13.7096
 8.28 4.59 3.4 0
WCI 10
 2.5 1 2.5 0.140962
 3 1.5 2.5 -1.77048
 3.5 1.7 2.5 0.744472
 3.1 1.5 2.5 0.0819244
 3.3 1.6 2.5 0.0757075
 5 3.4 2.5 -1.307
 6.1 3.53 2.74 15.7135
 6.5 3.71 2.83 15.1921
 6.9 3.93 2.92 13.5024
 8.15 4.52 3.36 0
WVT 10
 2.5 1 2.5 -1.00861
 3 1.5 2.5 -3.05215
 3.5 1.7 2.5 2.08573
 3.1 1.5 2.5 -1.14558
 3.3 1.6 2.5 0.18648
 5 3.4 2.5 -1.001
 6.1 3.53 2.74 14.199
 6.5 3.71 2.83 14.1917
 6.9 3.93 2.92 12.621
 8.15 4.52 3.36 0
BLO 10
 2.5 1 2.5 0.174971
 3 1.5 2.5 -1.57997
 3.5 1.7 2.5 0.678838
 3.1 1.5 2.5 -1.01494
 3.3 1.6 2.5 0.116127
 5 3.4 2.5 -1.22395
 6.1 3.53 2.74 15.1468
 6.5 3.71 2.83 15.1176
 6.9 3.93 2.92 13.4367
 8.17 4.53 3.36 0
FVM 10
 2.5 1 2.5 -1.0439
 3 1.5 2.5 -1.38901
 3.5 1.7 2.5 0.436734
 3.1 1.5 2.5 -1.001
 3.3 1.6 2.5 -1.001
 5 3.4 2.5 -1.0121
 6.1 3.53 2.74 14.3289
 6.5 3.71 2.83 15.799
 6.9 3.93 2.92 14.0393
 8.2 4.55 3.37 0
PBMO 6
2.5 1.07 2.11 0.396431
4.6 2.59 2.46 0.718494
6.1 3.53 2.74 12.8885
6.5 3.71 2.83 14.5119
6.9 3.93 2.92 12.8952
8.23 4.56 3.39 0
PVMO 10
 2.5 1 2.5 0.0610413
 3 1.5 2.5 -2.17488
 3.5 1.7 2.5 1.27962
 3.1 1.5 2.5 -1.001
 3.3 1.6 2.5 -1.001
 5 3.4 2.5 -1.001
 6.1 3.53 2.74 13.4385
 6.5 3.71 2.83 12.7629
 6.9 3.93 2.92 11.3489
 8.17 4.53 3.36 0
UALR 5
2.5 1.07 2.11 1.56763
6.1 3.53 2.74 10.8473
6.5 3.71 2.83 12.2017
6.9 3.93 2.92 10.8412
8.17 4.53 3.36 0
USIN 10
 2.5 1 2.5 0.205954
 3 1.5 2.5 -2.47803
 3.5 1.7 2.5 1.5775
 3.1 1.5 2.5 -1.36856
 3.3 1.6 2.5 0.376252
 5 3.4 2.5 -2.21717
 6.1 3.53 2.74 17.0502
 6.5 3.71 2.83 14.1625
 6.9 3.93 2.92 12.5917
 8.15 4.52 3.36 0
UTMT 10
 2.5 1 2.5 -1.03858
 3 1.5 2.5 -3.05759
 3.5 1.7 2.5 2.07093
 3.1 1.5 2.5 -1.14915
 3.3 1.6 2.5 0.180064
 5 3.4 2.5 -1.001
 6.1 3.53 2.74 14.4598
 6.5 3.71 2.83 13.9007
 6.9 3.93 2.92 12.3604
 8.17 4.53 3.36 0
OLIL 10
 2.5 1 2.5 0.0692944
 3 1.5 2.5 -1.74107
 3.5 1.7 2.5 0.807798
 3.1 1.5 2.5 -1.17531
 3.3 1.6 2.5 0.201222
 5 3.4 2.5 -2.43323
 6.1 3.53 2.74 16.6868
 6.5 3.71 2.83 14.1347
 6.9 3.93 2.92 12.5652
 8.15 4.52 3.36 0
CACT 10
 2.5 1 2.5 0.0348542
 3 1.5 2.5 -2.66255
 3.5 1.7 2.5 1.73332
 3.1 1.5 2.5 -1.001
 3.3 1.6 2.5 -1.001
 5 3.4 2.5 -1.001
 6.1 3.53 2.74 13.5436
 6.5 3.71 2.83 12.6317
 6.9 3.93 2.92 11.2347
 8.17 4.53 3.36 0
CBHS 6
2.5 1.07 2.11 0.750787
4.6 2.59 2.46 3.0517
6.1 3.53 2.74 10.5989
6.5 3.71 2.83 11.928
6.9 3.93 2.92 10.6052
8.15 4.52 3.36 0
CBHT 6
2.5 1.07 2.11 0.750661
4.6 2.59 2.46 3.05168
6.1 3.53 2.74 10.5982
6.5 3.71 2.83 11.9273
6.9 3.93 2.92 10.6045
8.15 4.52 3.36 0
CBHT 6
2.5 1.07 2.11 0.750787
4.6 2.59 2.46 3.0517
6.1 3.53 2.74 10.5989
6.5 3.71 2.83 11.928
6.9 3.93 2.92 10.6052
8.15 4.52 3.36 0
CGM3 6
2.5 1.07 2.11 0.449515
4.6 2.59 2.46 1.14108
6.1 3.53 2.74 13.0778
6.5 3.71 2.83 14.7095
6.9 3.93 2.92 13.0782
8.2 4.55 3.37 0
CLTN 10
 2.5 1 2.5 -1.0604
 3 1.5 2.5 -2.08514
 3.5 1.7 2.5 1.22856
 3.1 1.5 2.5 -1.001
 3.3 1.6 2.5 -1.001
 5 3.4 2.5 -1.001
 6.1 3.53 2.74 16.0393
 6.5 3.71 2.83 16.7247
 6.9 3.93 2.92 14.8752
 8.16 4.53 3.36 0
HDAR2 6
2.5 1.07 2.11 0.775333
4.6 2.59 2.46 3.19932
6.1 3.53 2.74 10.3338
6.5 3.71 2.83 11.6315
6.9 3.93 2.92 10.3379
8.21 4.55 3.38 0
MADT 10
 2.5 1 2.5 0.0389645
 3 1.5 2.5 -2.55428
 3.5 1.7 2.5 1.63186
 3.1 1.5 2.5 -1.001
 3.3 1.6 2.5 -1.001
 5 3.4 2.5 -1.001
 6.1 3.53 2.74 13.4639
 6.5 3.71 2.83 12.5565
 6.9 3.93 2.92 11.1676
 8.17 4.53 3.36 0
Q40A 5
2.5 1.07 2.11 0.44946
6.1 3.53 2.74 13.5572
6.5 3.71 2.83 15.2562
6.9 3.93 2.92 13.5572
8.23 4.56 3.39 0
Q41A 10
 2.5 1 2.5 -1.03379
 3 1.5 2.5 -1.56815
 3.5 1.7 2.5 0.587157
 3.1 1.5 2.5 0.0420796
 3.3 1.6 2.5 -1.001
 5 3.4 2.5 -1.001
 6.1 3.53 2.74 13.6949
 6.5 3.71 2.83 15.0269
 6.9 3.93 2.92 13.3554
 8.28 4.59 3.4 0
Q42A 10
 2.5 1 2.5 -1.05903
 3 1.5 2.5 -1.46538
 3.5 1.7 2.5 0.515957
 3.1 1.5 2.5 0.042358
 3.3 1.6 2.5 -1.001
 5 3.4 2.5 -1.001
 6.1 3.53 2.74 14.0616
 6.5 3.71 2.83 15.1059
 6.9 3.93 2.92 13.4263
 8.15 4.52 3.36 0
Q43A 10
 2.5 1 2.5 -1.01238
 3 1.5 2.5 -1.72073
 3.5 1.7 2.5 0.7162
 3.1 1.5 2.5 -1.08401
 3.3 1.6 2.5 0.0993888
 5 3.4 2.5 -1.45781
 6.1 3.53 2.74 15.029
 6.5 3.71 2.83 14.7747
 6.9 3.93 2.92 13.1326
 8.15 4.52 3.36 0
Q44A 10
 2.5 1 2.5 0.129586
 3 1.5 2.5 -1.64082
 3.5 1.7 2.5 0.736031
 3.1 1.5 2.5 -1.18593
 3.3 1.6 2.5 0.21171
 5 3.4 2.5 -1.81888
 6.1 3.53 2.74 15.7817
 6.5 3.71 2.83 14.4522
 6.9 3.93 2.92 12.8461
 8.15 4.52 3.36 0
Q45A 10
 2.5 1 2.5 0.120365
 3 1.5 2.5 -1.71683
 3.5 1.7 2.5 0.79455
 3.1 1.5 2.5 -1.06361
 3.3 1.6 2.5 0.092658
 5 3.4 2.5 -2.38499
 6.1 3.53 2.74 16.5632
 6.5 3.71 2.83 14.1893
 6.9 3.93 2.92 12.6154
 8.15 4.52 3.36 0
Q46A 10
 2.5 1 2.5 0.278628
 3 1.5 2.5 -1.64779
 3.5 1.7 2.5 0.801037
 3.1 1.5 2.5 -1.18249
 3.3 1.6 2.5 0.234935
 5 3.4 2.5 -1.67656
 6.1 3.53 2.74 15.6173
 6.5 3.71 2.83 14.3693
 6.9 3.93 2.92 12.7813
 8.17 4.53 3.36 0
Q47A 10
 2.5 1 2.5 0.131182
 3 1.5 2.5 -1.6783
 3.5 1.7 2.5 0.75244
 3.1 1.5 2.5 0.0631592
 3.3 1.6 2.5 0.0672273
 5 3.4 2.5 -1.19013
 6.1 3.53 2.74 15.219
 6.5 3.71 2.83 15.0907
 6.9 3.93 2.92 13.4121
 8.15 4.52 3.36 0
Q48A 10
 2.5 1 2.5 0.0336683
 3 1.5 2.5 -1.56737
 3.5 1.7 2.5 0.543501
 3.1 1.5 2.5 0.175767
 3.3 1.6 2.5 0.0592199
 5 3.4 2.5 -1.01314
 6.1 3.53 2.74 15.0335
 6.5 3.71 2.83 15.6651
 6.9 3.93 2.92 13.9213
 8.17 4.53 3.36 0
Q49A 5
2.5 1.07 2.11 0.999401
6.1 3.53 2.74 13.0316
6.5 3.71 2.83 14.6642
6.9 3.93 2.92 13.0296
8.15 4.52 3.36 0
Q50A 6
2.5 1.07 2.11 0.935844
4.6 2.59 2.46 0.0683969
6.1 3.53 2.74 12.5613
6.5 3.71 2.83 14.1366
6.9 3.93 2.92 12.563
8.17 4.53 3.36 0
Q51A 5
2.5 1.07 2.11 1.20231
6.1 3.53 2.74 12.6864
6.5 3.71 2.83 14.2768
6.9 3.93 2.92 12.6909
8.16 4.53 3.36 0
Q52A 6
2.5 1.07 2.11 1
4.6 2.59 2.46 1.56216
6.1 3.53 2.74 13.3308
6.5 3.71 2.83 14.459
6.9 3.93 2.92 12.2258
8.16 4.53 3.36 0
R40A 5
2.5 1.07 2.11 0.395157
6.1 3.53 2.74 13.9102
6.5 3.71 2.83 15.6494
6.9 3.93 2.92 13.9113
8.23 4.56 3.39 0
R41A 10
 2.5 1 2.5 -1.0715
 3 1.5 2.5 -1.97009
 3.5 1.7 2.5 1.04389
 3.1 1.5 2.5 -1.001
 3.3 1.6 2.5 -1.001
 5 3.4 2.5 -1.001
 6.1 3.53 2.74 13.7362
 6.5 3.71 2.83 15.279
 6.9 3.93 2.92 13.581
 8.28 4.59 3.4 0
R42A 10
 2.5 1 2.5 -1.09595
 3 1.5 2.5 -1.9706
 3.5 1.7 2.5 1.0692
 3.1 1.5 2.5 -1.001
 3.3 1.6 2.5 -1.001
 5 3.4 2.5 -1.001
 6.1 3.53 2.74 14.1957
 6.5 3.71 2.83 15.6331
 6.9 3.93 2.92 13.8958
 8.15 4.52 3.36 0
R43A 10
 2.5 1 2.5 -1.00614
 3 1.5 2.5 -1.39798
 3.5 1.7 2.5 0.399116
 3.1 1.5 2.5 -1.08698
 3.3 1.6 2.5 0.126435
 5 3.4 2.5 -1.40512
 6.1 3.53 2.74 15.2623
 6.5 3.71 2.83 15.4869
 6.9 3.93 2.92 13.7663
 8.15 4.52 3.36 0
R44A 10
 2.5 1 2.5 0.0266751
 3 1.5 2.5 -2.01131
 3.5 1.7 2.5 1.08112
 3.1 1.5 2.5 -1.28564
 3.3 1.6 2.5 0.316616
 5 3.4 2.5 -2.10784
 6.1 3.53 2.74 16.3296
 6.5 3.71 2.83 14.6616
 6.9 3.93 2.92 13.0309
 8.15 4.52 3.36 0
R45A 10
 2.5 1 2.5 -1.08757
 3 1.5 2.5 -2.33195
 3.5 1.7 2.5 1.49343
 3.1 1.5 2.5 -1.31144
 3.3 1.6 2.5 0.314966
 5 3.4 2.5 -2.45901
 6.1 3.53 2.74 16.8405
 6.5 3.71 2.83 13.9592
 6.9 3.93 2.92 12.4052
 8.15 4.52 3.36 0
R46A 10
 2.5 1 2.5 0.315106
 3 1.5 2.5 -2.33738
 3.5 1.7 2.5 1.45976
 3.1 1.5 2.5 -1.28967
 3.3 1.6 2.5 0.310707
 5 3.4 2.5 -2.02161
 6.1 3.53 2.74 16.7985
 6.5 3.71 2.83 14.3407
 6.9 3.93 2.92 12.7513
 8.15 4.52 3.36 0
R47A 10
 2.5 1 2.5 0.225367
 3 1.5 2.5 -1.92266
 3.5 1.7 2.5 0.890467
 3.1 1.5 2.5 0.0272415
 3.3 1.6 2.5 0.116748
 5 3.4 2.5 -1.42531
 6.1 3.53 2.74 15.7681
 6.5 3.71 2.83 14.874
 6.9 3.93 2.92 13.2195
 8.15 4.52 3.36 0
R48A 10
 2.5 1 2.5 0.0346855
 3 1.5 2.5 -1.77119
 3.5 1.7 2.5 0.800213
 3.1 1.5 2.5 0.108709
 3.3 1.6 2.5 0.0470594
 5 3.4 2.5 -1.08937
 6.1 3.53 2.74 15.7103
 6.5 3.71 2.83 15.9299
 6.9 3.93 2.92 14.158
 8.17 4.53 3.36 0
R49A 6
2.5 1.07 2.11 0.638288
4.6 2.59 2.46 0.552053
6.1 3.53 2.74 13.7761
6.5 3.71 2.83 15.4965
6.9 3.93 2.92 13.7722
8.17 4.53 3.36 0
R50A 5
2.5 1.07 2.11 1.11298
6.1 3.53 2.74 12.1781
6.5 3.71 2.83 13.7061
6.9 3.93 2.92 12.1781
8.17 4.53 3.36 0
R51A 6
2.5 1.07 2.11 0.993327
4.6 2.59 2.46 0.448176
6.1 3.53 2.74 12.4405
6.5 3.71 2.83 13.9995
6.9 3.93 2.92 12.4405
8.17 4.53 3.36 0
R52A 6
2.5 1.07 2.11 1
4.6 2.59 2.46 1.56913
6.1 3.53 2.74 13.6616
6.5 3.71 2.83 14.7705
6.9 3.93 2.92 12.4338
8.16 4.53 3.36 0
S40A 5
2.5 1.07 2.11 0.400014
6.1 3.53 2.74 14.4504
6.5 3.71 2.83 16.2536
6.9 3.93 2.92 14.4595
8.28 4.59 3.4 0
S41A 5
2.5 1.07 2.11 0.331194
6.1 3.53 2.74 13.9045
6.5 3.71 2.83 15.6424
6.9 3.93 2.92 13.8998
8.26 4.58 3.4 0
S42A 10
 2.5 1 2.5 -1.04158
 3 1.5 2.5 -1.34042
 3.5 1.7 2.5 0.384199
 3.1 1.5 2.5 -1.001
 3.3 1.6 2.5 -1.001
 5 3.4 2.5 -1.001
 6.1 3.53 2.74 14.0042
 6.5 3.71 2.83 15.7297
 6.9 3.93 2.92 13.9741
 8.2 4.55 3.37 0
S43A 10
 2.5 1 2.5 -1.00652
 3 1.5 2.5 -1.38603
 3.5 1.7 2.5 0.421196
 3.1 1.5 2.5 -1.001
 3.3 1.6 2.5 -1.001
 5 3.4 2.5 -1.001
 6.1 3.53 2.74 14.434
 6.5 3.71 2.83 15.5586
 6.9 3.93 2.92 13.8256
 8.2 4.55 3.37 0
S44A 10
 2.5 1 2.5 -1.03556
 3 1.5 2.5 -2.41987
 3.5 1.7 2.5 1.4844
 3.1 1.5 2.5 -1.40881
 3.3 1.6 2.5 0.452233
 5 3.4 2.5 -1.4605
 6.1 3.53 2.74 15.6036
 6.5 3.71 2.83 14.8957
 6.9 3.93 2.92 13.2437
 8.2 4.55 3.37 0
S45A 10
 2.5 1 2.5 0.066681
 3 1.5 2.5 -3.0332
 3.5 1.7 2.5 2.17253
 3.1 1.5 2.5 -1.59302
 3.3 1.6 2.5 0.590026
 5 3.4 2.5 -1.98678
 6.1 3.53 2.74 16.5254
 6.5 3.71 2.83 14.2846
 6.9 3.93 2.92 12.6975
 8.14 4.52 3.35 0
S46A 10
 2.5 1 2.5 0.212339
 3 1.5 2.5 -2.92596
 3.5 1.7 2.5 1.89718
 3.1 1.5 2.5 -1.50226
 3.3 1.6 2.5 0.492545
 5 3.4 2.5 -2.08634
 6.1 3.53 2.74 17.0487
 6.5 3.71 2.83 14.0512
 6.9 3.93 2.92 12.4926
 8.15 4.52 3.36 0
S47A 10
 2.5 1 2.5 0.206601
 3 1.5 2.5 -3.39844
 3.5 1.7 2.5 2.40909
 3.1 1.5 2.5 -1.001
 3.3 1.6 2.5 -1.05584
 5 3.4 2.5 -1.71116
 6.1 3.53 2.74 16.5698
 6.5 3.71 2.83 14.6554
 6.9 3.93 2.92 13.0275
 8.14 4.52 3.35 0
S48A 10
 2.5 1 2.5 -1.06163
 3 1.5 2.5 -1.84803
 3.5 1.7 2.5 0.851047
 3.1 1.5 2.5 -1.02393
 3.3 1.6 2.5 0.160136
 5 3.4 2.5 -1.22298
 6.1 3.53 2.74 15.4697
 6.5 3.71 2.83 15.2127
 6.9 3.93 2.92 13.5228
 8.14 4.52 3.35 0
S49A 10
 2.5 1 2.5 -1.17599
 3 1.5 2.5 -2.02243
 3.5 1.7 2.5 1.12681
 3.1 1.5 2.5 0.134225
 3.3 1.6 2.5 -1.001
 5 3.4 2.5 -1.001
 6.1 3.53 2.74 14.27
 6.5 3.71 2.83 14.9208
 6.9 3.93 2.92 13.2627
 8.18 4.54 3.37 0
S50A 6
2.5 1.07 2.11 0.983885
4.6 2.59 2.46 0.504108
6.1 3.53 2.74 10.9376
6.5 3.71 2.83 12.3138
6.9 3.93 2.92 10.9376
8.18 4.54 3.37 0
S51A 6
2.5 1.07 2.11 0.998698
4.6 2.59 2.46 1.31398
6.1 3.53 2.74 12.0798
6.5 3.71 2.83 13.5978
6.9 3.93 2.92 12.0798
8.18 4.54 3.37 0
S52A 6
2.5 1.07 2.11 1
4.6 2.59 2.46 1.96656
6.1 3.53 2.74 14.1104
6.5 3.71 2.83 14.4035
6.9 3.93 2.92 11.0883
8.18 4.54 3.37 0
T40A 5
2.5 1.07 2.11 0.400193
6.1 3.53 2.74 14.4891
6.5 3.71 2.83 16.2962
6.9 3.93 2.92 14.4956
8.28 4.59 3.4 0
T41A 5
2.5 1.07 2.11 0.561625
6.1 3.53 2.74 13.6361
6.5 3.71 2.83 15.3416
6.9 3.93 2.92 13.6335
8.26 4.58 3.4 0
T42A 10
 2.5 1 2.5 -1.04722
 3 1.5 2.5 -1.40767
 3.5 1.7 2.5 0.500853
 3.1 1.5 2.5 -1.001
 3.3 1.6 2.5 -1.001
 5 3.4 2.5 -1.001
 6.1 3.53 2.74 13.7663
 6.5 3.71 2.83 15.0206
 6.9 3.93 2.92 13.3439
 8.26 4.58 3.4 0
T43A 10
 2.5 1 2.5 -1.0602
 3 1.5 2.5 -1.3202
 3.5 1.7 2.5 0.420757
 3.1 1.5 2.5 -1.001
 3.3 1.6 2.5 -1.001
 5 3.4 2.5 -1.001
 6.1 3.53 2.74 13.9919
 6.5 3.71 2.83 14.9122
 6.9 3.93 2.92 13.2501
 8.2 4.55 3.37 0
T44A 10
 2.5 1 2.5 -1.09618
 3 1.5 2.5 -2.55204
 3.5 1.7 2.5 1.67543
 3.1 1.5 2.5 -1.001
 3.3 1.6 2.5 -1.001
 5 3.4 2.5 -1.001
 6.1 3.53 2.74 14.2479
 6.5 3.71 2.83 14.1039
 6.9 3.93 2.92 12.5411
 8.2 4.55 3.37 0
T45A 10
 2.5 1 2.5 0.0510111
 3 1.5 2.5 -4.22805
 3.5 1.7 2.5 3.30857
 3.1 1.5 2.5 -1.52877
 3.3 1.6 2.5 0.59262
 5 3.4 2.5 -1.001
 6.1 3.53 2.74 15.3615
 6.5 3.71 2.83 14.5855
 6.9 3.93 2.92 12.9671
 8.14 4.52 3.35 0
T46A 10
 2.5 1 2.5 0.186836
 3 1.5 2.5 -4.92414
 3.5 1.7 2.5 3.93951
 3.1 1.5 2.5 0.0440977
 3.3 1.6 2.5 -1.03276
 5 3.4 2.5 -1.52347
 6.1 3.53 2.74 15.9266
 6.5 3.71 2.83 14.3492
 6.9 3.93 2.92 12.7593
 8.15 4.52 3.36 0
T47A 10
 2.5 1 2.5 0.0945714
 3 1.5 2.5 -3.91688
 3.5 1.7 2.5 2.82931
 3.1 1.5 2.5 -1.05869
 3.3 1.6 2.5 0.168129
 5 3.4 2.5 -1.52859
 6.1 3.53 2.74 16.0015
 6.5 3.71 2.83 14.8727
 6.9 3.93 2.92 13.2256
 8.15 4.52 3.36 0
T48A 10
 2.5 1 2.5 -1.05546
 3 1.5 2.5 -3.15769
 3.5 1.7 2.5 2.15521
 3.1 1.5 2.5 -1.04117
 3.3 1.6 2.5 0.133355
 5 3.4 2.5 -1.30179
 6.1 3.53 2.74 16.0955
 6.5 3.71 2.83 15.7572
 6.9 3.93 2.92 14.0089
 8.14 4.52 3.35 0
T49A 10
 2.5 1 2.5 -1.22889
 3 1.5 2.5 -2.40033
 3.5 1.7 2.5 1.51679
 3.1 1.5 2.5 0.125341
 3.3 1.6 2.5 -1.00965
 5 3.4 2.5 -1.09218
 6.1 3.53 2.74 15.0761
 6.5 3.71 2.83 15.6254
 6.9 3.93 2.92 13.8934
 8.18 4.54 3.37 0
T50A 6
2.5 1.07 2.11 0.8308
4.6 2.59 2.46 0.838481
6.1 3.53 2.74 12.3009
6.5 3.71 2.83 13.8383
6.9 3.93 2.92 12.3026
8.18 4.54 3.37 0
T51A 6
2.5 1.07 2.11 1
4.6 2.59 2.46 0.950629
6.3 3.63 2.79 14.1624
6.6 3.8 2.86 14.5008
7 3.99 2.95 11.2277
8.17 4.53 3.36 0
T52A 6
2.5 1.07 2.11 0.797992
4.6 2.59 2.46 1.53654
6.3 3.63 2.79 16.6156
6.6 3.8 2.86 15.5142
7 3.99 2.95 10.0991
8.19 4.54 3.37 0
U40A 5
2.5 1.07 2.11 0.704797
6.1 3.53 2.74 14.0063
6.5 3.71 2.83 15.7558
6.9 3.93 2.92 14.0063
8.25 4.57 3.39 0
U41A 6
2.5 1.07 2.11 0.464527
4.6 2.59 2.46 0.60185
6.1 3.53 2.74 13.224
6.5 3.71 2.83 14.8779
6.9 3.93 2.92 13.224
8.23 4.56 3.39 0
U42A 10
 2.5 1 2.5 0.277242
 3 1.5 2.5 -2.88128
 3.5 1.7 2.5 1.9994
 3.1 1.5 2.5 -1.001
 3.3 1.6 2.5 -1.001
 5 3.4 2.5 -1.001
 6.1 3.53 2.74 13.7251
 6.5 3.71 2.83 14.0803
 6.9 3.93 2.92 12.5127
 8.23 4.56 3.39 0
U43A 10
 2.5 1 2.5 0.319137
 3 1.5 2.5 -2.89575
 3.5 1.7 2.5 2.0248
 3.1 1.5 2.5 -1.001
 3.3 1.6 2.5 -1.001
 5 3.4 2.5 -1.001
 6.1 3.53 2.74 13.7569
 6.5 3.71 2.83 13.699
 6.9 3.93 2.92 12.1741
 8.23 4.56 3.39 0
U44A 10
 2.5 1 2.5 0.0150535
 3 1.5 2.5 -2.20683
 3.5 1.7 2.5 1.31845
 3.1 1.5 2.5 -1.001
 3.3 1.6 2.5 -1.001
 5 3.4 2.5 -1.001
 6.1 3.53 2.74 13.4054
 6.5 3.71 2.83 12.7871
 6.9 3.93 2.92 11.3704
 8.17 4.53 3.36 0
U45A 10
 2.5 1 2.5 -1.03239
 3 1.5 2.5 -3.04012
 3.5 1.7 2.5 2.05189
 3.1 1.5 2.5 -1.1739
 3.3 1.6 2.5 0.205208
 5 3.4 2.5 -1.001
 6.1 3.53 2.74 14.6262
 6.5 3.71 2.83 14.1215
 6.9 3.93 2.92 12.5563
 8.17 4.53 3.36 0
U46A 10
 2.5 1 2.5 0.0463272
 3 1.5 2.5 -3.47972
 3.5 1.7 2.5 2.49451
 3.1 1.5 2.5 -1.20948
 3.3 1.6 2.5 0.24126
 5 3.4 2.5 -1.001
 6.1 3.53 2.74 14.8263
 6.5 3.71 2.83 14.6114
 6.9 3.93 2.92 12.9928
 8.17 4.53 3.36 0
U47A 10
 2.5 1 2.5 -1.06905
 3 1.5 2.5 -3.26332
 3.5 1.7 2.5 2.30267
 3.1 1.5 2.5 -1.01398
 3.3 1.6 2.5 0.0913381
 5 3.4 2.5 -1.10986
 6.1 3.53 2.74 14.7919
 6.5 3.71 2.83 14.8898
 6.9 3.93 2.92 13.2447
 8.15 4.52 3.36 0
U48A 10
 2.5 1 2.5 -1.08475
 3 1.5 2.5 -2.50892
 3.5 1.7 2.5 1.55514
 3.1 1.5 2.5 0.066297
 3.3 1.6 2.5 0.0331807
 5 3.4 2.5 -1.0391
 6.1 3.53 2.74 16.0178
 6.5 3.71 2.83 16.6954
 6.9 3.93 2.92 14.8482
 8.16 4.53 3.36 0
U49A 10
 2.5 1 2.5 -1.03408
 3 1.5 2.5 -2.42413
 3.5 1.7 2.5 1.50928
 3.1 1.5 2.5 0.0539051
 3.3 1.6 2.5 -1.00624
 5 3.4 2.5 -1.02504
 6.1 3.53 2.74 15.8348
 6.5 3.71 2.83 16.4542
 6.9 3.93 2.92 14.6321
 8.17 4.53 3.36 0
U50A 6
2.5 1.07 2.11 0.778552
4.6 2.59 2.46 1.08512
6.1 3.53 2.74 13.6457
6.5 3.71 2.83 15.0696
6.9 3.93 2.92 13.0885
8.17 4.53 3.36 0
U51A 6
2.5 1.07 2.11 0.88487
4.6 2.59 2.46 0.756958
6.1 3.53 2.74 16.5177
6.5 3.71 2.83 15.9365
6.9 3.93 2.92 11.1133
8.17 4.53 3.36 0
U52A 6
2.5 1.07 2.11 0.774376
4.6 2.59 2.46 0.387117
6.3 3.63 2.79 19.6299
6.6 3.8 2.86 17.2895
7 3.99 2.95 9.81433
8.17 4.53 3.36 0
P40B 5
2.5 1.07 2.11 0.507306
6.1 3.53 2.74 13.381
6.5 3.71 2.83 15.0615
6.9 3.93 2.92 13.3809
8.23 4.56 3.39 0
P43A 10
 2.5 1 2.5 0.188275
 3 1.5 2.5 -1.67082
 3.5 1.7 2.5 0.711742
 3.1 1.5 2.5 0.00443628
 3.3 1.6 2.5 0.00109415
 5 3.4 2.5 -1.43764
 6.1 3.53 2.74 14.6922
 6.5 3.71 2.83 14.3364
 6.9 3.93 2.92 12.7444
 8.19 4.54 3.37 0
P46A 10
 2.5 1 2.5 0.300313
 3 1.5 2.5 -1.56416
 3.5 1.7 2.5 0.726041
 3.1 1.5 2.5 -1.07263
 3.3 1.6 2.5 0.140372
 5 3.4 2.5 -1.36809
 6.1 3.53 2.74 14.9756
 6.5 3.71 2.83 14.6032
 6.9 3.93 2.92 12.9894
 8.17 4.53 3.36 0
P48A 10
 2.5 1 2.5 0.0630039
 3 1.5 2.5 -1.52741
 3.5 1.7 2.5 0.458938
 3.1 1.5 2.5 0.20137
 3.3 1.6 2.5 0.0290077
 5 3.4 2.5 -1.001
 6.1 3.53 2.74 13.8142
 6.5 3.71 2.83 14.7164
 6.9 3.93 2.92 13.0756
 8.17 4.53 3.36 0
Q44B 10
 2.5 1 2.5 0.129586
 3 1.5 2.5 -1.64082
 3.5 1.7 2.5 0.736031
 3.1 1.5 2.5 -1.18593
 3.3 1.6 2.5 0.21171
 5 3.4 2.5 -1.81888
 6.1 3.53 2.74 15.7817
 6.5 3.71 2.83 14.4521
 6.9 3.93 2.92 12.846
 8.15 4.52 3.36 0
R40B 5
2.5 1.07 2.11 0.395157
6.1 3.53 2.74 13.9102
6.5 3.71 2.83 15.6494
6.9 3.93 2.92 13.9113
8.23 4.56 3.39 0
V48A 10
 2.5 1 2.5 -1.15082
 3 1.5 2.5 -1.88957
 3.5 1.7 2.5 1.06424
 3.1 1.5 2.5 -1.001
 3.3 1.6 2.5 -1.001
 5 3.4 2.5 -1.001
 6.1 3.53 2.74 15.4226
 6.5 3.71 2.83 16.0012
 6.9 3.93 2.92 14.2327
 8.14 4.52 3.35 0
V51A 5
2.5 1.07 2.11 0.694943
6.3 3.63 2.79 18.0706
6.6 3.8 2.86 16.7029
7 3.99 2.95 10.659
8.13 4.51 3.35 0
V52A 4
6.3 3.63 2.79 19.3324
6.6 3.8 2.86 17.1221
7 3.99 2.95 9.87231
8.12 4.51 3.34 0
V53A 5
2.5 1.07 2.11 0.085092
6.3 3.63 2.79 19.0274
6.6 3.8 2.86 16.7603
7 3.99 2.95 9.51313
8.12 4.51 3.34 0
W45B 6
2.5 1.07 2.11 0.6716
4.6 2.59 2.46 2.30178
6.1 3.53 2.74 11.0157
6.5 3.71 2.83 12.3929
6.9 3.93 2.92 11.0237
8.15 4.52 3.36 0
W50A 6
2.5 1.07 2.11 0.322322
4.6 2.59 2.46 0.966437
6.1 3.53 2.74 15.3343
6.5 3.71 2.83 16.3277
6.9 3.93 2.92 13.4424
8.13 4.51 3.35 0
W52A 4
6.3 3.63 2.79 19.5651
6.6 3.8 2.86 17.2284
7 3.99 2.95 9.78344
8.12 4.51 3.34 0
X48A 6
2.5 1.07 2.11 0.989017
4.6 2.59 2.46 1.93964
6.1 3.53 2.74 14.0661
6.5 3.71 2.83 15.7513
6.9 3.93 2.92 13.8677
8.2 4.55 3.37 0
X51A 5
2.5 1.07 2.11 0.095357
6.3 3.63 2.79 18.3832
6.6 3.8 2.86 17.504
7 3.99 2.95 11.8864
8.12 4.51 3.34 0
