0   0   47.0611
0   1   52.9957
0   2   57.7638
0   3   59.5089
0   4   57.5513
0   5   52.6534
0   6   46.7223
0   7   42.0674
0   8   40.5014
0   9   42.634
0   10   47.6348
0   11   53.5566
0   12   58.0934
0   13   59.4789
0   14   57.1734
0   15   52.0747
0   16   46.1681
0   17   41.7537
0   18   40.5502
0   19   43.0263
0   20   48.2179
0   21   54.1034
0   22   58.3911
0   23   59.4114
0   24   56.7671
0   25   51.4878
0   26   45.6291
0   27   41.4724
0   28   40.6362
0   29   43.4461
0   30   48.808
0   31   54.634
0   32   58.6556
0   33   59.3069
0   34   56.3341
0   35   50.895
0   36   45.1074
0   37   41.2249
0   38   40.7592
0   39   43.8918
0   40   49.4028
0   41   55.1464
0   42   58.886
0   43   59.1656
0   44   55.8762
0   45   50.2987
0   46   44.605
0   47   41.0119
0   48   40.9187
0   49   44.3616
0   50   50
0   51   55.6384
0   52   59.0813
0   53   58.9881
0   54   55.395
0   55   49.7013
0   56   44.1238
0   57   40.8344
0   58   41.114
0   59   44.8536
0   60   50.5972
0   61   56.1082
0   62   59.2408
0   63   58.7751
0   64   54.8926
0   65   49.105
0   66   43.6659
0   67   40.6931
0   68   41.3444
0   69   45.366
0   70   51.192
0   71   56.5539
0   72   59.3638
0   73   58.5276
0   74   54.3709
0   75   48.5122
0   76   43.2329
0   77   40.5886
0   78   41.6089
0   79   45.8966
0   80   51.7821
0   81   56.9737
0   82   59.4498
0   83   58.2463
0   84   53.8319
0   85   47.9253
0   86   42.8266
0   87   40.5211
0   88   41.9066
0   89   46.4434
0   90   52.3652
0   91   57.366
0   92   59.4986
0   93   57.9326
0   94   53.2777
0   95   47.3466
0   96   42.4487
0   97   40.4911
0   98   42.2362
0   99   47.0043
0   100   52.9389
1   0   47.0764
1   1   52.98
1   2   57.7233
1   3   59.4592
1   4   57.5118
1   5   52.6395
1   6   46.7394
1   7   42.1089
1   8   40.5511
1   9   42.6725
1   10   47.6472
1   11   53.538
1   12   58.0511
1   13   59.4293
1   14   57.1359
1   15   52.0638
1   16   46.1882
1   17   41.7968
1   18   40.5996
1   19   43.0628
1   20   48.2272
1   21   54.0819
1   22   58.3472
1   23   59.3622
1   24   56.7317
1   25   51.48
1   26   45.652
1   27   41.517
1   28   40.6852
1   29   43.4804
1   30   48.8142
1   31   54.6098
1   32   58.6104
1   33   59.2582
1   34   56.301
1   35   50.8903
1   36   45.133
1   37   41.2707
1   38   40.8075
1   39   43.9237
1   40   49.4059
1   41   55.1195
1   42   58.8395
1   43   59.1176
1   44   55.8455
1   45   50.2972
1   46   44.6332
1   47   41.0589
1   48   40.9662
1   49   44.3911
1   50   50
1   51   55.6089
1   52   59.0338
1   53   58.9411
1   54   55.3668
1   55   49.7028
1   56   44.1545
1   57   40.8824
1   58   41.1605
1   59   44.8805
1   60   50.5941
1   61   56.0763
1   62   59.1925
1   63   58.7293
1   64   54.867
1   65   49.1097
1   66   43.699
1   67   40.7418
1   68   41.3896
1   69   45.3902
1   70   51.1858
1   71   56.5196
1   72   59.3148
1   73   58.483
1   74   54.348
1   75   48.52
1   76   43.2683
1   77   40.6378
1   78   41.6528
1   79   45.9181
1   80   51.7728
1   81   56.9372
1   82   59.4004
1   83   58.2032
1   84   53.8118
1   85   47.9362
1   86   42.8641
1   87   40.5707
1   88   41.9489
1   89   46.462
1   90   52.3528
1   91   57.3275
1   92   59.4489
1   93   57.8911
1   94   53.2606
1   95   47.3605
1   96   42.4882
1   97   40.5408
1   98   42.2767
1   99   47.02
1   100   52.9236
2   0   48.2631
2   1   51.7705
2   2   54.5885
2   3   55.6198
2   4   54.4629
2   5   51.5682
2   6   48.0628
2   7   45.3118
2   8   44.3863
2   9   45.6466
2   10   48.6022
2   11   52.102
2   12   54.7833
2   13   55.6021
2   14   54.2395
2   15   51.2261
2   16   47.7353
2   17   45.1263
2   18   44.4151
2   19   45.8785
2   20   48.9468
2   21   52.4251
2   22   54.9592
2   23   55.5622
2   24   53.9994
2   25   50.8793
2   26   47.4168
2   27   44.9601
2   28   44.4659
2   29   46.1266
2   30   49.2955
2   31   52.7388
2   32   55.1156
2   33   55.5004
2   34   53.7435
2   35   50.529
2   36   47.1084
2   37   44.8138
2   38   44.5386
2   39   46.39
2   40   49.6471
2   41   53.0416
2   42   55.2517
2   43   55.4169
2   44   53.4729
2   45   50.1766
2   46   46.8115
2   47   44.688
2   48   44.6329
2   49   46.6677
2   50   50
2   51   53.3323
2   52   55.3671
2   53   55.312
2   54   53.1885
2   55   49.8234
2   56   46.5271
2   57   44.5831
2   58   44.7483
2   59   46.9584
2   60   50.3529
2   61   53.61
2   62   55.4614
2   63   55.1862
2   64   52.8916
2   65   49.471
2   66   46.2565
2   67   44.4996
2   68   44.8844
2   69   47.2612
2   70   50.7045
2   71   53.8734
2   72   55.5341
2   73   55.0399
2   74   52.5832
2   75   49.1207
2   76   46.0006
2   77   44.4378
2   78   45.0408
2   79   47.5749
2   80   51.0532
2   81   54.1215
2   82   55.5849
2   83   54.8737
2   84   52.2647
2   85   48.7739
2   86   45.7605
2   87   44.3979
2   88   45.2167
2   89   47.898
2   90   51.3978
2   91   54.3534
2   92   55.6137
2   93   54.6882
2   94   51.9372
2   95   48.4318
2   96   45.5371
2   97   44.3802
2   98   45.4115
2   99   48.2295
2   100   51.7369
3   0   50.1456
3   1   49.8516
3   2   49.6155
3   3   49.529
3   4   49.626
3   5   49.8686
3   6   50.1623
3   7   50.3929
3   8   50.4705
3   9   50.3648
3   10   50.1171
3   11   49.8238
3   12   49.5991
3   13   49.5305
3   14   49.6447
3   15   49.8972
3   16   50.1898
3   17   50.4084
3   18   50.4681
3   19   50.3454
3   20   50.0883
3   21   49.7968
3   22   49.5844
3   23   49.5338
3   24   49.6648
3   25   49.9263
3   26   50.2165
3   27   50.4224
3   28   50.4638
3   29   50.3246
3   30   50.059
3   31   49.7705
3   32   49.5713
3   33   49.539
3   34   49.6863
3   35   49.9557
3   36   50.2423
3   37   50.4346
3   38   50.4577
3   39   50.3025
3   40   50.0296
3   41   49.7451
3   42   49.5599
3   43   49.546
3   44   49.7089
3   45   49.9852
3   46   50.2672
3   47   50.4452
3   48   50.4498
3   49   50.2793
3   50   50
3   51   49.7207
3   52   49.5502
3   53   49.5548
3   54   49.7328
3   55   50.0148
3   56   50.2911
3   57   50.454
3   58   50.4401
3   59   50.2549
3   60   49.9704
3   61   49.6975
3   62   49.5423
3   63   49.5654
3   64   49.7577
3   65   50.0443
3   66   50.3137
3   67   50.461
3   68   50.4287
3   69   50.2295
3   70   49.941
3   71   49.6754
3   72   49.5362
3   73   49.5776
3   74   49.7835
3   75   50.0737
3   76   50.3352
3   77   50.4662
3   78   50.4156
3   79   50.2032
3   80   49.9117
3   81   49.6546
3   82   49.5319
3   83   49.5916
3   84   49.8102
3   85   50.1028
3   86   50.3553
3   87   50.4695
3   88   50.4009
3   89   50.1762
3   90   49.8829
3   91   49.6352
3   92   49.5295
3   93   49.6071
3   94   49.8377
3   95   50.1314
3   96   50.374
3   97   50.471
3   98   50.3845
3   99   50.1484
3   100   49.8544
4   0   51.9697
4   1   47.9922
4   2   44.7965
4   3   43.6269
4   4   44.9389
4   5   48.2216
4   6   52.1968
4   7   55.3166
4   8   56.3662
4   9   54.9369
4   10   51.5852
4   11   47.6163
4   12   44.5756
4   13   43.647
4   14   45.1922
4   15   48.6095
4   16   52.5682
4   17   55.5269
4   18   56.3335
4   19   54.6739
4   20   51.1944
4   21   47.2498
4   22   44.3761
4   23   43.6922
4   24   45.4645
4   25   49.0028
4   26   52.9295
4   27   55.7154
4   28   56.2758
4   29   54.3926
4   30   50.7989
4   31   46.8942
4   32   44.1988
4   33   43.7623
4   34   45.7547
4   35   49.4001
4   36   53.2792
4   37   55.8813
4   38   56.1934
4   39   54.0939
4   40   50.4002
4   41   46.5508
4   42   44.0444
4   43   43.857
4   44   46.0616
4   45   49.7998
4   46   53.6159
4   47   56.0241
4   48   56.0865
4   49   53.779
4   50   50
4   51   46.221
4   52   43.9135
4   53   43.9759
4   54   46.3841
4   55   50.2002
4   56   53.9384
4   57   56.143
4   58   55.9556
4   59   53.4492
4   60   49.5998
4   61   45.9061
4   62   43.8066
4   63   44.1187
4   64   46.7208
4   65   50.5999
4   66   54.2453
4   67   56.2377
4   68   55.8012
4   69   53.1058
4   70   49.2011
4   71   45.6074
4   72   43.7242
4   73   44.2846
4   74   47.0705
4   75   50.9972
4   76   54.5355
4   77   56.3078
4   78   55.6239
4   79   52.7502
4   80   48.8056
4   81   45.3261
4   82   43.6665
4   83   44.4731
4   84   47.4318
4   85   51.3905
4   86   54.8078
4   87   56.353
4   88   55.4244
4   89   52.3837
4   90   48.4148
4   91   45.0631
4   92   43.6338
4   93   44.6834
4   94   47.8032
4   95   51.7784
4   96   55.0611
4   97   56.3731
4   98   55.2035
4   99   52.0078
4   100   48.0303
5   0   53.0048
5   1   46.9372
5   2   42.0622
5   3   40.278
5   4   42.2795
5   5   47.2872
5   6   53.3512
5   7   58.1103
5   8   59.7114
5   9   57.531
5   10   52.4182
5   11   46.3637
5   12   41.7252
5   13   40.3087
5   14   42.6659
5   15   47.8788
5   16   53.9177
5   17   58.4311
5   18   59.6616
5   19   57.13
5   20   51.822
5   21   45.8047
5   22   41.4209
5   23   40.3777
5   24   43.0812
5   25   48.4789
5   26   54.4688
5   27   58.7187
5   28   59.5736
5   29   56.7007
5   30   51.2187
5   31   45.2621
5   32   41.1504
5   33   40.4846
5   34   43.5239
5   35   49.0849
5   36   55.0023
5   37   58.9718
5   38   59.4479
5   39   56.2451
5   40   50.6106
5   41   44.7383
5   42   40.9149
5   43   40.629
5   44   43.9921
5   45   49.6946
5   46   55.516
5   47   59.1895
5   48   59.2848
5   49   55.7648
5   50   50
5   51   44.2352
5   52   40.7152
5   53   40.8105
5   54   44.484
5   55   50.3054
5   56   56.0079
5   57   59.371
5   58   59.0851
5   59   55.2617
5   60   49.3894
5   61   43.7549
5   62   40.5521
5   63   41.0282
5   64   44.9977
5   65   50.9151
5   66   56.4761
5   67   59.5154
5   68   58.8496
5   69   54.7379
5   70   48.7813
5   71   43.2993
5   72   40.4264
5   73   41.2813
5   74   45.5312
5   75   51.5211
5   76   56.9188
5   77   59.6223
5   78   58.5791
5   79   54.1953
5   80   48.178
5   81   42.87
5   82   40.3384
5   83   41.5689
5   84   46.0823
5   85   52.1212
5   86   57.3341
5   87   59.6913
5   88   58.2748
5   89   53.6363
5   90   47.5818
5   91   42.469
5   92   40.2886
5   93   41.8897
5   94   46.6488
5   95   52.7128
5   96   57.7205
5   97   59.722
5   98   57.9378
5   99   53.0628
5   100   46.9952
6   0   52.836
6   1   47.1092
6   2   42.508
6   3   40.8241
6   4   42.7131
6   5   47.4395
6   6   53.163
6   7   57.6548
6   8   59.166
6   9   57.108
6   10   52.2824
6   11   46.568
6   12   42.19
6   13   40.8531
6   14   43.0778
6   15   47.998
6   16   53.6977
6   17   57.9576
6   18   59.1189
6   19   56.7295
6   20   51.7197
6   21   46.0403
6   22   41.9027
6   23   40.9181
6   24   43.4698
6   25   48.5643
6   26   54.2178
6   27   58.229
6   28   59.0359
6   29   56.3244
6   30   51.1503
6   31   45.5282
6   32   41.6475
6   33   41.019
6   34   43.8876
6   35   49.1363
6   36   54.7213
6   37   58.4679
6   38   58.9172
6   39   55.8943
6   40   50.5763
6   41   45.0338
6   42   41.4252
6   43   41.1554
6   44   44.3296
6   45   49.7117
6   46   55.2061
6   47   58.6734
6   48   58.7633
6   49   55.441
6   50   50
6   51   44.559
6   52   41.2367
6   53   41.3266
6   54   44.7939
6   55   50.2883
6   56   55.6704
6   57   58.8446
6   58   58.5748
6   59   54.9662
6   60   49.4237
6   61   44.1057
6   62   41.0828
6   63   41.5321
6   64   45.2787
6   65   50.8637
6   66   56.1124
6   67   58.981
6   68   58.3525
6   69   54.4718
6   70   48.8497
6   71   43.6756
6   72   40.9641
6   73   41.771
6   74   45.7822
6   75   51.4357
6   76   56.5302
6   77   59.0819
6   78   58.0973
6   79   53.9597
6   80   48.2803
6   81   43.2705
6   82   40.8811
6   83   42.0424
6   84   46.3023
6   85   52.002
6   86   56.9222
6   87   59.1469
6   88   57.81
6   89   53.432
6   90   47.7176
6   91   42.892
6   92   40.834
6   93   42.3452
6   94   46.837
6   95   52.5605
6   96   57.2869
6   97   59.1759
6   98   57.492
6   99   52.8908
6   100   47.164
7   0   51.5311
7   1   48.4394
7   2   45.9554
7   3   45.0463
7   4   46.0661
7   5   48.6177
7   6   51.7076
7   7   54.1325
7   8   54.9483
7   9   53.8373
7   10   51.2322
7   11   48.1472
7   12   45.7837
7   13   45.0619
7   14   46.263
7   15   48.9192
7   16   51.9962
7   17   54.296
7   18   54.9229
7   19   53.633
7   20   50.9284
7   21   47.8623
7   22   45.6286
7   23   45.0971
7   24   46.4746
7   25   49.2249
7   26   52.277
7   27   54.4425
7   28   54.8781
7   29   53.4143
7   30   50.621
7   31   47.5859
7   32   45.4908
7   33   45.1515
7   34   46.7002
7   35   49.5337
7   36   52.5488
7   37   54.5715
7   38   54.814
7   39   53.1821
7   40   50.3111
7   41   47.319
7   42   45.3708
7   43   45.2251
7   44   46.9388
7   45   49.8444
7   46   52.8106
7   47   54.6824
7   48   54.731
7   49   52.9374
7   50   50
7   51   47.0626
7   52   45.269
7   53   45.3176
7   54   47.1894
7   55   50.1556
7   56   53.0612
7   57   54.7749
7   58   54.6292
7   59   52.681
7   60   49.6889
7   61   46.8179
7   62   45.186
7   63   45.4285
7   64   47.4512
7   65   50.4663
7   66   53.2998
7   67   54.8485
7   68   54.5092
7   69   52.4141
7   70   49.379
7   71   46.5857
7   72   45.1219
7   73   45.5575
7   74   47.723
7   75   50.7751
7   76   53.5254
7   77   54.9029
7   78   54.3714
7   79   52.1377
7   80   49.0716
7   81   46.367
7   82   45.0771
7   83   45.704
7   84   48.0038
7   85   51.0808
7   86   53.737
7   87   54.9381
7   88   54.2163
7   89   51.8528
7   90   48.7678
7   91   46.1627
7   92   45.0517
7   93   45.8675
7   94   48.2924
7   95   51.3823
7   96   53.9339
7   97   54.9537
7   98   54.0446
7   99   51.5606
7   100   48.4689
8   0   49.6127
8   1   50.3948
8   2   51.0231
8   3   51.2531
8   4   50.9951
8   5   50.3497
8   6   49.568
8   7   48.9546
8   8   48.7483
8   9   49.0293
8   10   49.6883
8   11   50.4687
8   12   51.0666
8   13   51.2492
8   14   50.9453
8   15   50.2734
8   16   49.495
8   17   48.9133
8   18   48.7547
8   19   49.081
8   20   49.7651
8   21   50.5408
8   22   51.1058
8   23   51.2403
8   24   50.8918
8   25   50.1961
8   26   49.424
8   27   48.8762
8   28   48.766
8   29   49.1363
8   30   49.8429
8   31   50.6107
8   32   51.1407
8   33   51.2265
8   34   50.8347
8   35   50.1179
8   36   49.3552
8   37   48.8436
8   38   48.7822
8   39   49.195
8   40   49.9213
8   41   50.6782
8   42   51.171
8   43   51.2079
8   44   50.7744
8   45   50.0394
8   46   49.289
8   47   48.8155
8   48   48.8032
8   49   49.257
8   50   50
8   51   50.743
8   52   51.1968
8   53   51.1845
8   54   50.711
8   55   49.9606
8   56   49.2256
8   57   48.7921
8   58   48.829
8   59   49.3218
8   60   50.0787
8   61   50.805
8   62   51.2178
8   63   51.1564
8   64   50.6448
8   65   49.8821
8   66   49.1653
8   67   48.7735
8   68   48.8593
8   69   49.3893
8   70   50.1571
8   71   50.8637
8   72   51.234
8   73   51.1238
8   74   50.576
8   75   49.8039
8   76   49.1082
8   77   48.7597
8   78   48.8942
8   79   49.4592
8   80   50.2349
8   81   50.919
8   82   51.2453
8   83   51.0867
8   84   50.505
8   85   49.7266
8   86   49.0547
8   87   48.7508
8   88   48.9334
8   89   49.5313
8   90   50.3117
8   91   50.9707
8   92   51.2517
8   93   51.0454
8   94   50.432
8   95   49.6503
8   96   49.0049
8   97   48.7469
8   98   48.9769
8   99   49.6052
8   100   50.3873
9   0   47.8495
9   1   52.192
9   2   55.681
9   3   56.9579
9   4   55.5255
9   5   51.9415
9   6   47.6016
9   7   44.1955
9   8   43.0497
9   9   44.6101
9   10   48.2693
9   11   52.6024
9   12   55.9222
9   13   56.9359
9   14   55.2489
9   15   51.5181
9   16   47.1961
9   17   43.9659
9   18   43.0853
9   19   44.8972
9   20   48.696
9   21   53.0026
9   22   56.14
9   23   56.8866
9   24   54.9517
9   25   51.0886
9   26   46.8017
9   27   43.7602
9   28   43.1483
9   29   45.2044
9   30   49.1278
9   31   53.3908
9   32   56.3335
9   33   56.8101
9   34   54.6349
9   35   50.6549
9   36   46.4199
9   37   43.579
9   38   43.2383
9   39   45.5305
9   40   49.563
9   41   53.7657
9   42   56.5021
9   43   56.7067
9   44   54.2998
9   45   50.2186
9   46   46.0523
9   47   43.4232
9   48   43.355
9   49   45.8742
9   50   50
9   51   54.1258
9   52   56.645
9   53   56.5768
9   54   53.9477
9   55   49.7814
9   56   45.7002
9   57   43.2933
9   58   43.4979
9   59   46.2343
9   60   50.437
9   61   54.4695
9   62   56.7617
9   63   56.421
9   64   53.5801
9   65   49.3451
9   66   45.3651
9   67   43.1899
9   68   43.6665
9   69   46.6092
9   70   50.8722
9   71   54.7956
9   72   56.8517
9   73   56.2398
9   74   53.1983
9   75   48.9114
9   76   45.0483
9   77   43.1134
9   78   43.86
9   79   46.9974
9   80   51.304
9   81   55.1028
9   82   56.9147
9   83   56.0341
9   84   52.8039
9   85   48.4819
9   86   44.7511
9   87   43.0641
9   88   44.0778
9   89   47.3976
9   90   51.7307
9   91   55.3899
9   92   56.9503
9   93   55.8045
9   94   52.3984
9   95   48.0585
9   96   44.4745
9   97   43.0421
9   98   44.319
9   99   47.808
9   100   52.1505
10   0   46.9479
10   1   53.1111
10   2   58.0629
10   3   59.8751
10   4   57.8422
10   5   52.7556
10   6   46.596
10   7   41.7619
10   8   40.1356
10   9   42.3503
10   10   47.5437
10   11   53.6936
10   12   58.4052
10   13   59.844
10   14   57.4497
10   15   52.1546
10   16   46.0205
10   17   41.436
10   18   40.1862
10   19   42.7577
10   20   48.1493
10   21   54.2614
10   22   58.7143
10   23   59.7739
10   24   57.0278
10   25   51.5451
10   26   45.4608
10   27   41.144
10   28   40.2756
10   29   43.1937
10   30   48.7621
10   31   54.8125
10   32   58.989
10   33   59.6653
10   34   56.5781
10   35   50.9295
10   36   44.9189
10   37   40.8869
10   38   40.4033
10   39   43.6565
10   40   49.3798
10   41   55.3446
10   42   59.2283
10   43   59.5186
10   44   56.1025
10   45   50.3102
10   46   44.3972
10   47   40.6657
10   48   40.5689
10   49   44.1444
10   50   50
10   51   55.8556
10   52   59.4311
10   53   59.3343
10   54   55.6028
10   55   49.6898
10   56   43.8975
10   57   40.4814
10   58   40.7717
10   59   44.6554
10   60   50.6202
10   61   56.3435
10   62   59.5967
10   63   59.1131
10   64   55.0811
10   65   49.0705
10   66   43.4219
10   67   40.3347
10   68   41.011
10   69   45.1875
10   70   51.2379
10   71   56.8063
10   72   59.7244
10   73   58.856
10   74   54.5392
10   75   48.4549
10   76   42.9722
10   77   40.2261
10   78   41.2857
10   79   45.7386
10   80   51.8507
10   81   57.2423
10   82   59.8138
10   83   58.564
10   84   53.9795
10   85   47.8454
10   86   42.5503
10   87   40.156
10   88   41.5948
10   89   46.3064
10   90   52.4563
10   91   57.6497
10   92   59.8644
10   93   58.2381
10   94   53.404
10   95   47.2444
10   96   42.1578
10   97   40.1249
10   98   41.9371
10   99   46.8889
10   100   53.0521
11   0   47.269
11   1   52.7837
11   2   57.2145
11   3   58.8361
11   4   57.017
11   5   52.4656
11   6   46.9542
11   7   42.6287
11   8   41.1735
11   9   43.1552
11   10   47.8022
11   11   53.3049
11   12   57.5208
11   13   58.8082
11   14   56.6658
11   15   51.9279
11   16   46.4393
11   17   42.3371
11   18   41.2188
11   19   43.5197
11   20   48.344
11   21   53.8131
11   22   57.7974
11   23   58.7455
11   24   56.2883
11   25   51.3825
11   26   45.9384
11   27   42.0758
11   28   41.2988
11   29   43.9098
11   30   48.8923
11   31   54.3061
11   32   58.0432
11   33   58.6484
11   34   55.886
11   35   50.8317
11   36   45.4536
11   37   41.8457
11   38   41.4131
11   39   44.324
11   40   49.4451
11   41   54.7822
11   42   58.2573
11   43   58.5171
11   44   55.4604
11   45   50.2776
11   46   44.9867
11   47   41.6479
11   48   41.5612
11   49   44.7605
11   50   50
11   51   55.2395
11   52   58.4388
11   53   58.3521
11   54   55.0133
11   55   49.7224
11   56   44.5396
11   57   41.4829
11   58   41.7427
11   59   45.2178
11   60   50.5549
11   61   55.676
11   62   58.5869
11   63   58.1543
11   64   54.5464
11   65   49.1683
11   66   44.114
11   67   41.3516
11   68   41.9568
11   69   45.6939
11   70   51.1077
11   71   56.0902
11   72   58.7012
11   73   57.9242
11   74   54.0616
11   75   48.6175
11   76   43.7117
11   77   41.2545
11   78   42.2026
11   79   46.1869
11   80   51.656
11   81   56.4803
11   82   58.7812
11   83   57.6629
11   84   53.5607
11   85   48.0721
11   86   43.3342
11   87   41.1918
11   88   42.4792
11   89   46.6951
11   90   52.1978
11   91   56.8448
11   92   58.8265
11   93   57.3713
11   94   53.0458
11   95   47.5344
11   96   42.983
11   97   41.1639
11   98   42.7855
11   99   47.2163
11   100   52.731
12   0   48.6843
12   1   51.3411
12   2   53.4758
12   3   54.257
12   4   53.3806
12   5   51.1879
12   6   48.5326
12   7   46.4487
12   8   45.7476
12   9   46.7023
12   10   48.9411
12   11   51.5922
12   12   53.6234
12   13   54.2436
12   14   53.2114
12   15   50.9288
12   16   48.2845
12   17   46.3082
12   18   45.7694
12   19   46.878
12   20   49.2022
12   21   51.8371
12   22   53.7566
12   23   54.2134
12   24   53.0296
12   25   50.6661
12   26   48.0432
12   27   46.1823
12   28   45.8079
12   29   47.0659
12   30   49.4664
12   31   52.0746
12   32   53.875
12   33   54.1666
12   34   52.8357
12   35   50.4007
12   36   47.8096
12   37   46.0715
12   38   45.863
12   39   47.2654
12   40   49.7327
12   41   52.304
12   42   53.9782
12   43   54.1033
12   44   52.6307
12   45   50.1337
12   46   47.5847
12   47   45.9761
12   48   45.9344
12   49   47.4757
12   50   50
12   51   52.5243
12   52   54.0656
12   53   54.0239
12   54   52.4153
12   55   49.8663
12   56   47.3693
12   57   45.8967
12   58   46.0218
12   59   47.696
12   60   50.2673
12   61   52.7346
12   62   54.137
12   63   53.9285
12   64   52.1904
12   65   49.5993
12   66   47.1643
12   67   45.8334
12   68   46.125
12   69   47.9254
12   70   50.5336
12   71   52.9341
12   72   54.1921
12   73   53.8177
12   74   51.9568
12   75   49.3339
12   76   46.9704
12   77   45.7866
12   78   46.2434
12   79   48.1629
12   80   50.7978
12   81   53.122
12   82   54.2306
12   83   53.6918
12   84   51.7155
12   85   49.0712
12   86   46.7886
12   87   45.7564
12   88   46.3766
12   89   48.4078
12   90   51.0589
12   91   53.2977
12   92   54.2524
12   93   53.5513
12   94   51.4674
12   95   48.8121
12   96   46.6194
12   97   45.743
12   98   46.5242
12   99   48.6589
12   100   51.3157
13   0   50.6266
13   1   49.3612
13   2   48.3446
13   3   47.9725
13   4   48.3899
13   5   49.4342
13   6   50.6989
13   7   51.6914
13   8   52.0253
13   9   51.5706
13   10   50.5043
13   11   49.2417
13   12   48.2743
13   13   47.9789
13   14   48.4705
13   15   49.5576
13   16   50.817
13   17   51.7583
13   18   52.0149
13   19   51.4869
13   20   50.38
13   21   49.1251
13   22   48.2108
13   23   47.9933
13   24   48.5571
13   25   49.6828
13   26   50.932
13   27   51.8183
13   28   51.9966
13   29   51.3974
13   30   50.2542
13   31   49.0119
13   32   48.1544
13   33   48.0156
13   34   48.6494
13   35   49.8092
13   36   51.0432
13   37   51.8711
13   38   51.9703
13   39   51.3024
13   40   50.1273
13   41   48.9027
13   42   48.1053
13   43   48.0457
13   44   48.7471
13   45   49.9363
13   46   51.1503
13   47   51.9165
13   48   51.9363
13   49   51.2022
13   50   50
13   51   48.7978
13   52   48.0637
13   53   48.0835
13   54   48.8497
13   55   50.0637
13   56   51.2529
13   57   51.9543
13   58   51.8947
13   59   51.0973
13   60   49.8727
13   61   48.6976
13   62   48.0297
13   63   48.1289
13   64   48.9568
13   65   50.1908
13   66   51.3506
13   67   51.9844
13   68   51.8456
13   69   50.9881
13   70   49.7458
13   71   48.6026
13   72   48.0034
13   73   48.1817
13   74   49.068
13   75   50.3172
13   76   51.4429
13   77   52.0067
13   78   51.7892
13   79   50.8749
13   80   49.62
13   81   48.5131
13   82   47.9851
13   83   48.2417
13   84   49.183
13   85   50.4424
13   86   51.5295
13   87   52.0211
13   88   51.7257
13   89   50.7583
13   90   49.4957
13   91   48.4294
13   92   47.9747
13   93   48.3086
13   94   49.3011
13   95   50.5658
13   96   51.6101
13   97   52.0275
13   98   51.6554
13   99   50.6388
13   100   49.3734
14   0   52.318
14   1   47.6373
14   2   43.8765
14   3   42.5002
14   4   44.0442
14   5   47.9073
14   6   52.5852
14   7   56.2565
14   8   57.4916
14   9   55.8096
14   10   51.8655
14   11   47.1949
14   12   43.6166
14   13   42.5239
14   14   44.3423
14   15   48.3637
14   16   53.0222
14   17   56.504
14   18   57.4532
14   19   55.5002
14   20   51.4056
14   21   46.7636
14   22   43.3818
14   23   42.5771
14   24   44.6627
14   25   48.8266
14   26   53.4474
14   27   56.7258
14   28   57.3853
14   29   55.1691
14   30   50.9401
14   31   46.3451
14   32   43.1732
14   33   42.6596
14   34   45.0042
14   35   49.2941
14   36   53.8589
14   37   56.9211
14   38   57.2883
14   39   54.8176
14   40   50.471
14   41   45.941
14   42   42.9915
14   43   42.771
14   44   45.3654
14   45   49.7644
14   46   54.2551
14   47   57.089
14   48   57.1625
14   49   54.4471
14   50   50
14   51   45.5529
14   52   42.8375
14   53   42.911
14   54   45.7449
14   55   50.2356
14   56   54.6346
14   57   57.229
14   58   57.0085
14   59   54.059
14   60   49.529
14   61   45.1824
14   62   42.7117
14   63   43.0789
14   64   46.1411
14   65   50.7059
14   66   54.9958
14   67   57.3404
14   68   56.8268
14   69   53.6549
14   70   49.0599
14   71   44.8309
14   72   42.6147
14   73   43.2742
14   74   46.5526
14   75   51.1734
14   76   55.3373
14   77   57.4229
14   78   56.6182
14   79   53.2364
14   80   48.5944
14   81   44.4998
14   82   42.5468
14   83   43.496
14   84   46.9778
14   85   51.6363
14   86   55.6577
14   87   57.4761
14   88   56.3834
14   89   52.8051
14   90   48.1345
14   91   44.1904
14   92   42.5084
14   93   43.7435
14   94   47.4148
14   95   52.0927
14   96   55.9558
14   97   57.4998
14   98   56.1235
14   99   52.3627
14   100   47.682
15   0   53.0806
15   1   46.8598
15   2   41.8618
15   3   40.0326
15   4   42.0846
15   5   47.2187
15   6   53.4358
15   7   58.3151
15   8   59.9566
15   9   57.7212
15   10   52.4792
15   11   46.2719
15   12   41.5163
15   13   40.0641
15   14   42.4807
15   15   47.8253
15   16   54.0166
15   17   58.644
15   18   59.9055
15   19   57.3099
15   20   51.868
15   21   45.6987
15   22   41.2043
15   23   40.1347
15   24   42.9066
15   25   48.4405
15   26   54.5816
15   27   58.9388
15   28   59.8153
15   29   56.8699
15   30   51.2495
15   31   45.1425
15   32   40.927
15   33   40.2444
15   34   43.3604
15   35   49.0618
15   36   55.1285
15   37   59.1983
15   38   59.6864
15   39   56.4027
15   40   50.626
15   41   44.6055
15   42   40.6855
15   43   40.3925
15   44   43.8405
15   45   49.6869
15   46   55.6552
15   47   59.4215
15   48   59.5192
15   49   55.9103
15   50   50
15   51   44.0897
15   52   40.4808
15   53   40.5785
15   54   44.3448
15   55   50.3131
15   56   56.1595
15   57   59.6075
15   58   59.3145
15   59   55.3945
15   60   49.374
15   61   43.5973
15   62   40.3136
15   63   40.8017
15   64   44.8715
15   65   50.9382
15   66   56.6396
15   67   59.7556
15   68   59.073
15   69   54.8575
15   70   48.7505
15   71   43.1301
15   72   40.1847
15   73   41.0612
15   74   45.4184
15   75   51.5595
15   76   57.0934
15   77   59.8653
15   78   58.7957
15   79   54.3013
15   80   48.132
15   81   42.6901
15   82   40.0945
15   83   41.356
15   84   45.9834
15   85   52.1747
15   86   57.5193
15   87   59.9359
15   88   58.4837
15   89   53.7281
15   90   47.5208
15   91   42.2788
15   92   40.0434
15   93   41.6849
15   94   46.5642
15   95   52.7813
15   96   57.9154
15   97   59.9674
15   98   58.1382
15   99   53.1402
15   100   46.9194
16   0   52.6091
16   1   47.3405
16   2   43.1074
16   3   41.5582
16   4   43.2961
16   5   47.6444
16   6   52.9099
16   7   57.0424
16   8   58.4326
16   9   56.5393
16   10   52.0998
16   11   46.8426
16   12   42.8148
16   13   41.5849
16   14   43.6316
16   15   48.1582
16   16   53.4019
16   17   57.3209
16   18   58.3893
16   19   56.1911
16   20   51.5821
16   21   46.3571
16   22   42.5506
16   23   41.6447
16   24   43.9923
16   25   48.6792
16   26   53.8804
16   27   57.5706
16   28   58.313
16   29   55.8184
16   30   51.0582
16   31   45.886
16   32   42.3157
16   33   41.7376
16   34   44.3767
16   35   49.2054
16   36   54.3436
16   37   57.7904
16   38   58.2038
16   39   55.4227
16   40   50.5302
16   41   45.4312
16   42   42.1112
16   43   41.863
16   44   44.7832
16   45   49.7348
16   46   54.7896
16   47   57.9794
16   48   58.0622
16   49   55.0057
16   50   50
16   51   44.9943
16   52   41.9378
16   53   42.0206
16   54   45.2104
16   55   50.2652
16   56   55.2168
16   57   58.137
16   58   57.8888
16   59   54.5688
16   60   49.4698
16   61   44.5773
16   62   41.7962
16   63   42.2096
16   64   45.6564
16   65   50.7946
16   66   55.6233
16   67   58.2624
16   68   57.6843
16   69   54.114
16   70   48.9418
16   71   44.1816
16   72   41.687
16   73   42.4294
16   74   46.1196
16   75   51.3208
16   76   56.0077
16   77   58.3553
16   78   57.4494
16   79   53.6429
16   80   48.4179
16   81   43.8089
16   82   41.6107
16   83   42.6791
16   84   46.5981
16   85   51.8418
16   86   56.3684
16   87   58.4151
16   88   57.1852
16   89   53.1574
16   90   47.9002
16   91   43.4607
16   92   41.5674
16   93   42.9576
16   94   47.0901
16   95   52.3556
16   96   56.7039
16   97   58.4418
16   98   56.8926
16   99   52.6595
16   100   47.3909
17   0   51.0923
17   1   48.8866
17   2   47.1144
17   3   46.4659
17   4   47.1934
17   5   49.0138
17   6   51.2182
17   7   52.9483
17   8   53.5303
17   9   52.7377
17   10   50.8791
17   11   48.6781
17   12   46.9919
17   13   46.477
17   14   47.3339
17   15   49.2289
17   16   51.4242
17   17   53.0649
17   18   53.5122
17   19   52.5919
17   20   50.6623
17   21   48.4749
17   22   46.8813
17   23   46.5021
17   24   47.4849
17   25   49.447
17   26   51.6245
17   27   53.1694
17   28   53.4802
17   29   52.4358
17   30   50.443
17   31   48.2777
17   32   46.783
17   33   46.541
17   34   47.6458
17   35   49.6674
17   36   51.8184
17   37   53.2614
17   38   53.4345
17   39   52.2702
17   40   50.2219
17   41   48.0873
17   42   46.6974
17   43   46.5935
17   44   47.816
17   45   49.889
17   46   52.0052
17   47   53.3406
17   48   53.3752
17   49   52.0956
17   50   50
17   51   47.9044
17   52   46.6248
17   53   46.6594
17   54   47.9948
17   55   50.111
17   56   52.184
17   57   53.4065
17   58   53.3026
17   59   51.9127
17   60   49.7781
17   61   47.7298
17   62   46.5655
17   63   46.7386
17   64   48.1816
17   65   50.3326
17   66   52.3542
17   67   53.459
17   68   53.217
17   69   51.7223
17   70   49.557
17   71   47.5642
17   72   46.5198
17   73   46.8306
17   74   48.3755
17   75   50.553
17   76   52.5151
17   77   53.4979
17   78   53.1187
17   79   51.5251
17   80   49.3377
17   81   47.4081
17   82   46.4878
17   83   46.9351
17   84   48.5758
17   85   50.7711
17   86   52.6661
17   87   53.523
17   88   53.0081
17   89   51.3219
17   90   49.1209
17   91   47.2623
17   92   46.4697
17   93   47.0517
17   94   48.7818
17   95   50.9862
17   96   52.8066
17   97   53.5341
17   98   52.8856
17   99   51.1134
17   100   48.9077
18   0   49.1379
18   1   50.8788
18   2   52.2775
18   3   52.7894
18   4   52.2152
18   5   50.7784
18   6   49.0385
18   7   47.673
18   8   47.2136
18   9   47.8392
18   10   49.3062
18   11   51.0433
18   12   52.3742
18   13   52.7806
18   14   52.1043
18   15   50.6086
18   16   48.8759
18   17   47.5809
18   18   47.2279
18   19   47.9543
18   20   49.4772
18   21   51.2037
18   22   52.4615
18   23   52.7608
18   24   51.9851
18   25   50.4364
18   26   48.7178
18   27   47.4985
18   28   47.2532
18   29   48.0774
18   30   49.6503
18   31   51.3594
18   32   52.5391
18   33   52.7302
18   34   51.8581
18   35   50.2626
18   36   48.5648
18   37   47.4258
18   38   47.2892
18   39   48.2082
18   40   49.8248
18   41   51.5097
18   42   52.6067
18   43   52.6887
18   44   51.7238
18   45   50.0876
18   46   48.4174
18   47   47.3634
18   48   47.336
18   49   48.346
18   50   50
18   51   51.654
18   52   52.664
18   53   52.6366
18   54   51.5826
18   55   49.9124
18   56   48.2762
18   57   47.3113
18   58   47.3933
18   59   48.4903
18   60   50.1752
18   61   51.7918
18   62   52.7108
18   63   52.5742
18   64   51.4352
18   65   49.7374
18   66   48.1419
18   67   47.2698
18   68   47.4609
18   69   48.6406
18   70   50.3497
18   71   51.9226
18   72   52.7468
18   73   52.5015
18   74   51.2822
18   75   49.5636
18   76   48.0149
18   77   47.2392
18   78   47.5385
18   79   48.7963
18   80   50.5228
18   81   52.0457
18   82   52.7721
18   83   52.4191
18   84   51.1241
18   85   49.3914
18   86   47.8957
18   87   47.2194
18   88   47.6258
18   89   48.9567
18   90   50.6938
18   91   52.1608
18   92   52.7864
18   93   52.327
18   94   50.9615
18   95   49.2216
18   96   47.7848
18   97   47.2106
18   98   47.7225
18   99   49.1212
18   100   50.8621
19   0   47.5288
19   1   52.5189
19   2   56.5281
19   3   57.9954
19   4   56.3494
19   5   52.231
19   6   47.2439
19   7   43.33
19   8   42.0133
19   9   43.8064
19   10   48.0113
19   11   52.9905
19   12   56.8053
19   13   57.9702
19   14   56.0316
19   15   51.7445
19   16   46.778
19   17   43.0662
19   18   42.0542
19   19   44.1363
19   20   48.5015
19   21   53.4503
19   22   57.0555
19   23   57.9135
19   24   55.69
19   25   51.251
19   26   46.3248
19   27   42.8297
19   28   42.1266
19   29   44.4893
19   30   48.9977
19   31   53.8965
19   32   57.278
19   33   57.8256
19   34   55.326
19   35   50.7526
19   36   45.8861
19   37   42.6215
19   38   42.23
19   39   44.864
19   40   49.4979
19   41   54.3273
19   42   57.4717
19   43   57.7068
19   44   54.9409
19   45   50.2512
19   46   45.4636
19   47   42.4425
19   48   42.3641
19   49   45.259
19   50   50
19   51   54.741
19   52   57.6359
19   53   57.5575
19   54   54.5364
19   55   49.7488
19   56   45.0591
19   57   42.2932
19   58   42.5283
19   59   45.6727
19   60   50.5021
19   61   55.136
19   62   57.77
19   63   57.3785
19   64   54.1139
19   65   49.2474
19   66   44.674
19   67   42.1744
19   68   42.722
19   69   46.1035
19   70   51.0023
19   71   55.5107
19   72   57.8734
19   73   57.1703
19   74   53.6752
19   75   48.749
19   76   44.31
19   77   42.0865
19   78   42.9445
19   79   46.5497
19   80   51.4985
19   81   55.8637
19   82   57.9458
19   83   56.9338
19   84   53.222
19   85   48.2555
19   86   43.9684
19   87   42.0298
19   88   43.1947
19   89   47.0095
19   90   51.9887
19   91   56.1936
19   92   57.9867
19   93   56.67
19   94   52.7561
19   95   47.769
19   96   43.6506
19   97   42.0046
19   98   43.4719
19   99   47.4811
19   100   52.4712
20   0   46.9098
20   1   53.1499
20   2   58.1634
20   3   59.9982
20   4   57.9399
20   5   52.7899
20   6   46.5536
20   7   41.6592
20   8   40.0126
20   9   42.255
20   10   47.5131
20   11   53.7396
20   12   58.5099
20   13   59.9667
20   14   57.5425
20   15   52.1814
20   16   45.9709
20   17   41.3293
20   18   40.0639
20   19   42.6674
20   20   48.1262
20   21   54.3146
20   22   58.8229
20   23   59.8958
20   24   57.1154
20   25   51.5643
20   26   45.4042
20   27   41.0336
20   28   40.1544
20   29   43.1089
20   30   48.7467
20   31   54.8725
20   32   59.1011
20   33   59.7858
20   34   56.6601
20   35   50.9411
20   36   44.8556
20   37   40.7733
20   38   40.2837
20   39   43.5775
20   40   49.3721
20   41   55.4112
20   42   59.3433
20   43   59.6372
20   44   56.1786
20   45   50.3141
20   46   44.3273
20   47   40.5494
20   48   40.4514
20   49   44.0714
20   50   50
20   51   55.9286
20   52   59.5486
20   53   59.4506
20   54   55.6727
20   55   49.6859
20   56   43.8214
20   57   40.3628
20   58   40.6567
20   59   44.5888
20   60   50.6279
20   61   56.4225
20   62   59.7163
20   63   59.2267
20   64   55.1444
20   65   49.0589
20   66   43.3399
20   67   40.2142
20   68   40.8989
20   69   45.1275
20   70   51.2533
20   71   56.8911
20   72   59.8456
20   73   58.9664
20   74   54.5958
20   75   48.4357
20   76   42.8846
20   77   40.1042
20   78   41.1771
20   79   45.6854
20   80   51.8738
20   81   57.3326
20   82   59.9361
20   83   58.6707
20   84   54.0291
20   85   47.8186
20   86   42.4575
20   87   40.0333
20   88   41.4901
20   89   46.2604
20   90   52.4869
20   91   57.745
20   92   59.9874
20   93   58.3408
20   94   53.4464
20   95   47.2101
20   96   42.0601
20   97   40.0018
20   98   41.8366
20   99   46.8501
20   100   53.0902
21   0   47.5288
21   1   52.5189
21   2   56.5281
21   3   57.9954
21   4   56.3494
21   5   52.231
21   6   47.2439
21   7   43.33
21   8   42.0133
21   9   43.8064
21   10   48.0113
21   11   52.9905
21   12   56.8053
21   13   57.9702
21   14   56.0316
21   15   51.7445
21   16   46.778
21   17   43.0662
21   18   42.0542
21   19   44.1363
21   20   48.5015
21   21   53.4503
21   22   57.0555
21   23   57.9135
21   24   55.69
21   25   51.251
21   26   46.3248
21   27   42.8297
21   28   42.1266
21   29   44.4893
21   30   48.9977
21   31   53.8965
21   32   57.278
21   33   57.8256
21   34   55.326
21   35   50.7526
21   36   45.8861
21   37   42.6215
21   38   42.23
21   39   44.864
21   40   49.4979
21   41   54.3273
21   42   57.4717
21   43   57.7068
21   44   54.9409
21   45   50.2512
21   46   45.4636
21   47   42.4425
21   48   42.3641
21   49   45.259
21   50   50
21   51   54.741
21   52   57.6359
21   53   57.5575
21   54   54.5364
21   55   49.7488
21   56   45.0591
21   57   42.2932
21   58   42.5283
21   59   45.6727
21   60   50.5021
21   61   55.136
21   62   57.77
21   63   57.3785
21   64   54.1139
21   65   49.2474
21   66   44.674
21   67   42.1744
21   68   42.722
21   69   46.1035
21   70   51.0023
21   71   55.5107
21   72   57.8734
21   73   57.1703
21   74   53.6752
21   75   48.749
21   76   44.31
21   77   42.0865
21   78   42.9445
21   79   46.5497
21   80   51.4985
21   81   55.8637
21   82   57.9458
21   83   56.9338
21   84   53.222
21   85   48.2555
21   86   43.9684
21   87   42.0298
21   88   43.1947
21   89   47.0095
21   90   51.9887
21   91   56.1936
21   92   57.9867
21   93   56.67
21   94   52.7561
21   95   47.769
21   96   43.6506
21   97   42.0046
21   98   43.4719
21   99   47.4811
21   100   52.4712
22   0   49.1379
22   1   50.8788
22   2   52.2775
22   3   52.7894
22   4   52.2152
22   5   50.7784
22   6   49.0385
22   7   47.673
22   8   47.2136
22   9   47.8392
22   10   49.3062
22   11   51.0433
22   12   52.3742
22   13   52.7806
22   14   52.1043
22   15   50.6086
22   16   48.8759
22   17   47.5809
22   18   47.2279
22   19   47.9543
22   20   49.4772
22   21   51.2037
22   22   52.4615
22   23   52.7608
22   24   51.9851
22   25   50.4364
22   26   48.7178
22   27   47.4985
22   28   47.2532
22   29   48.0774
22   30   49.6503
22   31   51.3594
22   32   52.5391
22   33   52.7302
22   34   51.8581
22   35   50.2626
22   36   48.5648
22   37   47.4258
22   38   47.2892
22   39   48.2082
22   40   49.8248
22   41   51.5097
22   42   52.6067
22   43   52.6887
22   44   51.7238
22   45   50.0876
22   46   48.4174
22   47   47.3634
22   48   47.336
22   49   48.346
22   50   50
22   51   51.654
22   52   52.664
22   53   52.6366
22   54   51.5826
22   55   49.9124
22   56   48.2762
22   57   47.3113
22   58   47.3933
22   59   48.4903
22   60   50.1752
22   61   51.7918
22   62   52.7108
22   63   52.5742
22   64   51.4352
22   65   49.7374
22   66   48.1419
22   67   47.2698
22   68   47.4609
22   69   48.6406
22   70   50.3497
22   71   51.9226
22   72   52.7468
22   73   52.5015
22   74   51.2822
22   75   49.5636
22   76   48.0149
22   77   47.2392
22   78   47.5385
22   79   48.7963
22   80   50.5228
22   81   52.0457
22   82   52.7721
22   83   52.4191
22   84   51.1241
22   85   49.3914
22   86   47.8957
22   87   47.2194
22   88   47.6258
22   89   48.9567
22   90   50.6938
22   91   52.1608
22   92   52.7864
22   93   52.327
22   94   50.9615
22   95   49.2216
22   96   47.7848
22   97   47.2106
22   98   47.7225
22   99   49.1212
22   100   50.8621
23   0   51.0923
23   1   48.8866
23   2   47.1144
23   3   46.4659
23   4   47.1934
23   5   49.0138
23   6   51.2182
23   7   52.9483
23   8   53.5303
23   9   52.7377
23   10   50.8791
23   11   48.6781
23   12   46.9919
23   13   46.477
23   14   47.3339
23   15   49.2289
23   16   51.4242
23   17   53.0649
23   18   53.5122
23   19   52.5919
23   20   50.6623
23   21   48.4749
23   22   46.8813
23   23   46.5021
23   24   47.4849
23   25   49.447
23   26   51.6245
23   27   53.1694
23   28   53.4802
23   29   52.4358
23   30   50.443
23   31   48.2777
23   32   46.783
23   33   46.541
23   34   47.6458
23   35   49.6674
23   36   51.8184
23   37   53.2614
23   38   53.4345
23   39   52.2702
23   40   50.2219
23   41   48.0873
23   42   46.6974
23   43   46.5935
23   44   47.816
23   45   49.889
23   46   52.0052
23   47   53.3406
23   48   53.3752
23   49   52.0956
23   50   50
23   51   47.9044
23   52   46.6248
23   53   46.6594
23   54   47.9948
23   55   50.111
23   56   52.184
23   57   53.4065
23   58   53.3026
23   59   51.9127
23   60   49.7781
23   61   47.7298
23   62   46.5655
23   63   46.7386
23   64   48.1816
23   65   50.3326
23   66   52.3542
23   67   53.459
23   68   53.217
23   69   51.7223
23   70   49.557
23   71   47.5642
23   72   46.5198
23   73   46.8306
23   74   48.3755
23   75   50.553
23   76   52.5151
23   77   53.4979
23   78   53.1187
23   79   51.5251
23   80   49.3377
23   81   47.4081
23   82   46.4878
23   83   46.9351
23   84   48.5758
23   85   50.7711
23   86   52.6661
23   87   53.523
23   88   53.0081
23   89   51.3219
23   90   49.1209
23   91   47.2623
23   92   46.4697
23   93   47.0517
23   94   48.7818
23   95   50.9862
23   96   52.8066
23   97   53.5341
23   98   52.8856
23   99   51.1134
23   100   48.9077
24   0   52.6091
24   1   47.3405
24   2   43.1074
24   3   41.5582
24   4   43.2961
24   5   47.6444
24   6   52.9099
24   7   57.0424
24   8   58.4326
24   9   56.5393
24   10   52.0998
24   11   46.8426
24   12   42.8148
24   13   41.5849
24   14   43.6316
24   15   48.1582
24   16   53.4019
24   17   57.3209
24   18   58.3893
24   19   56.1911
24   20   51.5821
24   21   46.3571
24   22   42.5506
24   23   41.6447
24   24   43.9923
24   25   48.6792
24   26   53.8804
24   27   57.5706
24   28   58.313
24   29   55.8184
24   30   51.0582
24   31   45.886
24   32   42.3157
24   33   41.7376
24   34   44.3767
24   35   49.2054
24   36   54.3436
24   37   57.7904
24   38   58.2038
24   39   55.4227
24   40   50.5302
24   41   45.4312
24   42   42.1112
24   43   41.863
24   44   44.7832
24   45   49.7348
24   46   54.7896
24   47   57.9794
24   48   58.0622
24   49   55.0057
24   50   50
24   51   44.9943
24   52   41.9378
24   53   42.0206
24   54   45.2104
24   55   50.2652
24   56   55.2168
24   57   58.137
24   58   57.8888
24   59   54.5688
24   60   49.4698
24   61   44.5773
24   62   41.7962
24   63   42.2096
24   64   45.6564
24   65   50.7946
24   66   55.6233
24   67   58.2624
24   68   57.6843
24   69   54.114
24   70   48.9418
24   71   44.1816
24   72   41.687
24   73   42.4294
24   74   46.1196
24   75   51.3208
24   76   56.0077
24   77   58.3553
24   78   57.4494
24   79   53.6429
24   80   48.4179
24   81   43.8089
24   82   41.6107
24   83   42.6791
24   84   46.5981
24   85   51.8418
24   86   56.3684
24   87   58.4151
24   88   57.1852
24   89   53.1574
24   90   47.9002
24   91   43.4607
24   92   41.5674
24   93   42.9576
24   94   47.0901
24   95   52.3556
24   96   56.7039
24   97   58.4418
24   98   56.8926
24   99   52.6595
24   100   47.3909
25   0   53.0806
25   1   46.8598
25   2   41.8618
25   3   40.0326
25   4   42.0846
25   5   47.2187
25   6   53.4358
25   7   58.3151
25   8   59.9566
25   9   57.7212
25   10   52.4792
25   11   46.2719
25   12   41.5163
25   13   40.0641
25   14   42.4807
25   15   47.8253
25   16   54.0166
25   17   58.644
25   18   59.9055
25   19   57.3099
25   20   51.868
25   21   45.6987
25   22   41.2043
25   23   40.1347
25   24   42.9066
25   25   48.4405
25   26   54.5816
25   27   58.9388
25   28   59.8153
25   29   56.8699
25   30   51.2495
25   31   45.1425
25   32   40.927
25   33   40.2444
25   34   43.3604
25   35   49.0618
25   36   55.1285
25   37   59.1983
25   38   59.6864
25   39   56.4027
25   40   50.626
25   41   44.6055
25   42   40.6855
25   43   40.3925
25   44   43.8405
25   45   49.6869
25   46   55.6552
25   47   59.4215
25   48   59.5192
25   49   55.9103
25   50   50
25   51   44.0897
25   52   40.4808
25   53   40.5785
25   54   44.3448
25   55   50.3131
25   56   56.1595
25   57   59.6075
25   58   59.3145
25   59   55.3945
25   60   49.374
25   61   43.5973
25   62   40.3136
25   63   40.8017
25   64   44.8715
25   65   50.9382
25   66   56.6396
25   67   59.7556
25   68   59.073
25   69   54.8575
25   70   48.7505
25   71   43.1301
25   72   40.1847
25   73   41.0612
25   74   45.4184
25   75   51.5595
25   76   57.0934
25   77   59.8653
25   78   58.7957
25   79   54.3013
25   80   48.132
25   81   42.6901
25   82   40.0945
25   83   41.356
25   84   45.9834
25   85   52.1747
25   86   57.5193
25   87   59.9359
25   88   58.4837
25   89   53.7281
25   90   47.5208
25   91   42.2788
25   92   40.0434
25   93   41.6849
25   94   46.5642
25   95   52.7813
25   96   57.9154
25   97   59.9674
25   98   58.1382
25   99   53.1402
25   100   46.9194
26   0   52.318
26   1   47.6373
26   2   43.8765
26   3   42.5002
26   4   44.0442
26   5   47.9073
26   6   52.5852
26   7   56.2565
26   8   57.4916
26   9   55.8096
26   10   51.8655
26   11   47.1949
26   12   43.6166
26   13   42.5239
26   14   44.3423
26   15   48.3637
26   16   53.0222
26   17   56.504
26   18   57.4532
26   19   55.5002
26   20   51.4056
26   21   46.7636
26   22   43.3818
26   23   42.5771
26   24   44.6627
26   25   48.8266
26   26   53.4474
26   27   56.7258
26   28   57.3853
26   29   55.1691
26   30   50.9401
26   31   46.3451
26   32   43.1732
26   33   42.6596
26   34   45.0042
26   35   49.2941
26   36   53.8589
26   37   56.9211
26   38   57.2883
26   39   54.8176
26   40   50.471
26   41   45.941
26   42   42.9915
26   43   42.771
26   44   45.3654
26   45   49.7644
26   46   54.2551
26   47   57.089
26   48   57.1625
26   49   54.4471
26   50   50
26   51   45.5529
26   52   42.8375
26   53   42.911
26   54   45.7449
26   55   50.2356
26   56   54.6346
26   57   57.229
26   58   57.0085
26   59   54.059
26   60   49.529
26   61   45.1824
26   62   42.7117
26   63   43.0789
26   64   46.1411
26   65   50.7059
26   66   54.9958
26   67   57.3404
26   68   56.8268
26   69   53.6549
26   70   49.0599
26   71   44.8309
26   72   42.6147
26   73   43.2742
26   74   46.5526
26   75   51.1734
26   76   55.3373
26   77   57.4229
26   78   56.6182
26   79   53.2364
26   80   48.5944
26   81   44.4998
26   82   42.5468
26   83   43.496
26   84   46.9778
26   85   51.6363
26   86   55.6577
26   87   57.4761
26   88   56.3834
26   89   52.8051
26   90   48.1345
26   91   44.1904
26   92   42.5084
26   93   43.7435
26   94   47.4148
26   95   52.0927
26   96   55.9558
26   97   57.4998
26   98   56.1235
26   99   52.3627
26   100   47.682
27   0   50.6266
27   1   49.3612
27   2   48.3446
27   3   47.9725
27   4   48.3899
27   5   49.4342
27   6   50.6989
27   7   51.6914
27   8   52.0253
27   9   51.5706
27   10   50.5043
27   11   49.2417
27   12   48.2743
27   13   47.9789
27   14   48.4705
27   15   49.5576
27   16   50.817
27   17   51.7583
27   18   52.0149
27   19   51.4869
27   20   50.38
27   21   49.1251
27   22   48.2108
27   23   47.9933
27   24   48.5571
27   25   49.6828
27   26   50.932
27   27   51.8183
27   28   51.9966
27   29   51.3974
27   30   50.2542
27   31   49.0119
27   32   48.1544
27   33   48.0156
27   34   48.6494
27   35   49.8092
27   36   51.0432
27   37   51.8711
27   38   51.9703
27   39   51.3024
27   40   50.1273
27   41   48.9027
27   42   48.1053
27   43   48.0457
27   44   48.7471
27   45   49.9363
27   46   51.1503
27   47   51.9165
27   48   51.9363
27   49   51.2022
27   50   50
27   51   48.7978
27   52   48.0637
27   53   48.0835
27   54   48.8497
27   55   50.0637
27   56   51.2529
27   57   51.9543
27   58   51.8947
27   59   51.0973
27   60   49.8727
27   61   48.6976
27   62   48.0297
27   63   48.1289
27   64   48.9568
27   65   50.1908
27   66   51.3506
27   67   51.9844
27   68   51.8456
27   69   50.9881
27   70   49.7458
27   71   48.6026
27   72   48.0034
27   73   48.1817
27   74   49.068
27   75   50.3172
27   76   51.4429
27   77   52.0067
27   78   51.7892
27   79   50.8749
27   80   49.62
27   81   48.5131
27   82   47.9851
27   83   48.2417
27   84   49.183
27   85   50.4424
27   86   51.5295
27   87   52.0211
27   88   51.7257
27   89   50.7583
27   90   49.4957
27   91   48.4294
27   92   47.9747
27   93   48.3086
27   94   49.3011
27   95   50.5658
27   96   51.6101
27   97   52.0275
27   98   51.6554
27   99   50.6388
27   100   49.3734
28   0   48.6843
28   1   51.3411
28   2   53.4758
28   3   54.257
28   4   53.3806
28   5   51.1879
28   6   48.5326
28   7   46.4487
28   8   45.7476
28   9   46.7023
28   10   48.9411
28   11   51.5922
28   12   53.6234
28   13   54.2436
28   14   53.2114
28   15   50.9288
28   16   48.2845
28   17   46.3082
28   18   45.7694
28   19   46.878
28   20   49.2022
28   21   51.8371
28   22   53.7566
28   23   54.2134
28   24   53.0296
28   25   50.6661
28   26   48.0432
28   27   46.1823
28   28   45.8079
28   29   47.0659
28   30   49.4664
28   31   52.0746
28   32   53.875
28   33   54.1666
28   34   52.8357
28   35   50.4007
28   36   47.8096
28   37   46.0715
28   38   45.863
28   39   47.2654
28   40   49.7327
28   41   52.304
28   42   53.9782
28   43   54.1033
28   44   52.6307
28   45   50.1337
28   46   47.5847
28   47   45.9761
28   48   45.9344
28   49   47.4757
28   50   50
28   51   52.5243
28   52   54.0656
28   53   54.0239
28   54   52.4153
28   55   49.8663
28   56   47.3693
28   57   45.8967
28   58   46.0218
28   59   47.696
28   60   50.2673
28   61   52.7346
28   62   54.137
28   63   53.9285
28   64   52.1904
28   65   49.5993
28   66   47.1643
28   67   45.8334
28   68   46.125
28   69   47.9254
28   70   50.5336
28   71   52.9341
28   72   54.1921
28   73   53.8177
28   74   51.9568
28   75   49.3339
28   76   46.9704
28   77   45.7866
28   78   46.2434
28   79   48.1629
28   80   50.7978
28   81   53.122
28   82   54.2306
28   83   53.6918
28   84   51.7155
28   85   49.0712
28   86   46.7886
28   87   45.7564
28   88   46.3766
28   89   48.4078
28   90   51.0589
28   91   53.2977
28   92   54.2524
28   93   53.5513
28   94   51.4674
28   95   48.8121
28   96   46.6194
28   97   45.743
28   98   46.5242
28   99   48.6589
28   100   51.3157
29   0   47.269
29   1   52.7837
29   2   57.2145
29   3   58.8361
29   4   57.017
29   5   52.4656
29   6   46.9542
29   7   42.6287
29   8   41.1735
29   9   43.1552
29   10   47.8022
29   11   53.3049
29   12   57.5208
29   13   58.8082
29   14   56.6658
29   15   51.9279
29   16   46.4393
29   17   42.3371
29   18   41.2188
29   19   43.5197
29   20   48.344
29   21   53.8131
29   22   57.7974
29   23   58.7455
29   24   56.2883
29   25   51.3825
29   26   45.9384
29   27   42.0758
29   28   41.2988
29   29   43.9098
29   30   48.8923
29   31   54.3061
29   32   58.0432
29   33   58.6484
29   34   55.886
29   35   50.8317
29   36   45.4536
29   37   41.8457
29   38   41.4131
29   39   44.324
29   40   49.4451
29   41   54.7822
29   42   58.2573
29   43   58.5171
29   44   55.4604
29   45   50.2776
29   46   44.9867
29   47   41.6479
29   48   41.5612
29   49   44.7605
29   50   50
29   51   55.2395
29   52   58.4388
29   53   58.3521
29   54   55.0133
29   55   49.7224
29   56   44.5396
29   57   41.4829
29   58   41.7427
29   59   45.2178
29   60   50.5549
29   61   55.676
29   62   58.5869
29   63   58.1543
29   64   54.5464
29   65   49.1683
29   66   44.114
29   67   41.3516
29   68   41.9568
29   69   45.6939
29   70   51.1077
29   71   56.0902
29   72   58.7012
29   73   57.9242
29   74   54.0616
29   75   48.6175
29   76   43.7117
29   77   41.2545
29   78   42.2026
29   79   46.1869
29   80   51.656
29   81   56.4803
29   82   58.7812
29   83   57.6629
29   84   53.5607
29   85   48.0721
29   86   43.3342
29   87   41.1918
29   88   42.4792
29   89   46.6951
29   90   52.1978
29   91   56.8448
29   92   58.8265
29   93   57.3713
29   94   53.0458
29   95   47.5344
29   96   42.983
29   97   41.1639
29   98   42.7855
29   99   47.2163
29   100   52.731
30   0   46.9479
30   1   53.1111
30   2   58.0629
30   3   59.8751
30   4   57.8422
30   5   52.7556
30   6   46.596
30   7   41.7619
30   8   40.1356
30   9   42.3503
30   10   47.5437
30   11   53.6936
30   12   58.4052
30   13   59.844
30   14   57.4497
30   15   52.1546
30   16   46.0205
30   17   41.436
30   18   40.1862
30   19   42.7577
30   20   48.1493
30   21   54.2614
30   22   58.7143
30   23   59.7739
30   24   57.0278
30   25   51.5451
30   26   45.4608
30   27   41.144
30   28   40.2756
30   29   43.1937
30   30   48.7621
30   31   54.8125
30   32   58.989
30   33   59.6653
30   34   56.5781
30   35   50.9295
30   36   44.9189
30   37   40.8869
30   38   40.4033
30   39   43.6565
30   40   49.3798
30   41   55.3446
30   42   59.2283
30   43   59.5186
30   44   56.1025
30   45   50.3102
30   46   44.3972
30   47   40.6657
30   48   40.5689
30   49   44.1444
30   50   50
30   51   55.8556
30   52   59.4311
30   53   59.3343
30   54   55.6028
30   55   49.6898
30   56   43.8975
30   57   40.4814
30   58   40.7717
30   59   44.6554
30   60   50.6202
30   61   56.3435
30   62   59.5967
30   63   59.1131
30   64   55.0811
30   65   49.0705
30   66   43.4219
30   67   40.3347
30   68   41.011
30   69   45.1875
30   70   51.2379
30   71   56.8063
30   72   59.7244
30   73   58.856
30   74   54.5392
30   75   48.4549
30   76   42.9722
30   77   40.2261
30   78   41.2857
30   79   45.7386
30   80   51.8507
30   81   57.2423
30   82   59.8138
30   83   58.564
30   84   53.9795
30   85   47.8454
30   86   42.5503
30   87   40.156
30   88   41.5948
30   89   46.3064
30   90   52.4563
30   91   57.6497
30   92   59.8644
30   93   58.2381
30   94   53.404
30   95   47.2444
30   96   42.1578
30   97   40.1249
30   98   41.9371
30   99   46.8889
30   100   53.0521
31   0   47.8495
31   1   52.192
31   2   55.681
31   3   56.9579
31   4   55.5255
31   5   51.9415
31   6   47.6016
31   7   44.1955
31   8   43.0497
31   9   44.6101
31   10   48.2693
31   11   52.6024
31   12   55.9222
31   13   56.9359
31   14   55.2489
31   15   51.5181
31   16   47.1961
31   17   43.9659
31   18   43.0853
31   19   44.8972
31   20   48.696
31   21   53.0026
31   22   56.14
31   23   56.8866
31   24   54.9517
31   25   51.0886
31   26   46.8017
31   27   43.7602
31   28   43.1483
31   29   45.2044
31   30   49.1278
31   31   53.3908
31   32   56.3335
31   33   56.8101
31   34   54.6349
31   35   50.6549
31   36   46.4199
31   37   43.579
31   38   43.2383
31   39   45.5305
31   40   49.563
31   41   53.7657
31   42   56.5021
31   43   56.7067
31   44   54.2998
31   45   50.2186
31   46   46.0523
31   47   43.4232
31   48   43.355
31   49   45.8742
31   50   50
31   51   54.1258
31   52   56.645
31   53   56.5768
31   54   53.9477
31   55   49.7814
31   56   45.7002
31   57   43.2933
31   58   43.4979
31   59   46.2343
31   60   50.437
31   61   54.4695
31   62   56.7617
31   63   56.421
31   64   53.5801
31   65   49.3451
31   66   45.3651
31   67   43.1899
31   68   43.6665
31   69   46.6092
31   70   50.8722
31   71   54.7956
31   72   56.8517
31   73   56.2398
31   74   53.1983
31   75   48.9114
31   76   45.0483
31   77   43.1134
31   78   43.86
31   79   46.9974
31   80   51.304
31   81   55.1028
31   82   56.9147
31   83   56.0341
31   84   52.8039
31   85   48.4819
31   86   44.7511
31   87   43.0641
31   88   44.0778
31   89   47.3976
31   90   51.7307
31   91   55.3899
31   92   56.9503
31   93   55.8045
31   94   52.3984
31   95   48.0585
31   96   44.4745
31   97   43.0421
31   98   44.319
31   99   47.808
31   100   52.1505
32   0   49.6127
32   1   50.3948
32   2   51.0231
32   3   51.2531
32   4   50.9951
32   5   50.3497
32   6   49.568
32   7   48.9546
32   8   48.7483
32   9   49.0293
32   10   49.6883
32   11   50.4687
32   12   51.0666
32   13   51.2492
32   14   50.9453
32   15   50.2734
32   16   49.495
32   17   48.9133
32   18   48.7547
32   19   49.081
32   20   49.7651
32   21   50.5408
32   22   51.1058
32   23   51.2403
32   24   50.8918
32   25   50.1961
32   26   49.424
32   27   48.8762
32   28   48.766
32   29   49.1363
32   30   49.8429
32   31   50.6107
32   32   51.1407
32   33   51.2265
32   34   50.8347
32   35   50.1179
32   36   49.3552
32   37   48.8436
32   38   48.7822
32   39   49.195
32   40   49.9213
32   41   50.6782
32   42   51.171
32   43   51.2079
32   44   50.7744
32   45   50.0394
32   46   49.289
32   47   48.8155
32   48   48.8032
32   49   49.257
32   50   50
32   51   50.743
32   52   51.1968
32   53   51.1845
32   54   50.711
32   55   49.9606
32   56   49.2256
32   57   48.7921
32   58   48.829
32   59   49.3218
32   60   50.0787
32   61   50.805
32   62   51.2178
32   63   51.1564
32   64   50.6448
32   65   49.8821
32   66   49.1653
32   67   48.7735
32   68   48.8593
32   69   49.3893
32   70   50.1571
32   71   50.8637
32   72   51.234
32   73   51.1238
32   74   50.576
32   75   49.8039
32   76   49.1082
32   77   48.7597
32   78   48.8942
32   79   49.4592
32   80   50.2349
32   81   50.919
32   82   51.2453
32   83   51.0867
32   84   50.505
32   85   49.7266
32   86   49.0547
32   87   48.7508
32   88   48.9334
32   89   49.5313
32   90   50.3117
32   91   50.9707
32   92   51.2517
32   93   51.0454
32   94   50.432
32   95   49.6503
32   96   49.0049
32   97   48.7469
32   98   48.9769
32   99   49.6052
32   100   50.3873
33   0   51.5311
33   1   48.4394
33   2   45.9554
33   3   45.0463
33   4   46.0661
33   5   48.6177
33   6   51.7076
33   7   54.1325
33   8   54.9483
33   9   53.8373
33   10   51.2322
33   11   48.1472
33   12   45.7837
33   13   45.0619
33   14   46.263
33   15   48.9192
33   16   51.9962
33   17   54.296
33   18   54.9229
33   19   53.633
33   20   50.9284
33   21   47.8623
33   22   45.6286
33   23   45.0971
33   24   46.4746
33   25   49.2249
33   26   52.277
33   27   54.4425
33   28   54.8781
33   29   53.4143
33   30   50.621
33   31   47.5859
33   32   45.4908
33   33   45.1515
33   34   46.7002
33   35   49.5337
33   36   52.5488
33   37   54.5715
33   38   54.814
33   39   53.1821
33   40   50.3111
33   41   47.319
33   42   45.3708
33   43   45.2251
33   44   46.9388
33   45   49.8444
33   46   52.8106
33   47   54.6824
33   48   54.731
33   49   52.9374
33   50   50
33   51   47.0626
33   52   45.269
33   53   45.3176
33   54   47.1894
33   55   50.1556
33   56   53.0612
33   57   54.7749
33   58   54.6292
33   59   52.681
33   60   49.6889
33   61   46.8179
33   62   45.186
33   63   45.4285
33   64   47.4512
33   65   50.4663
33   66   53.2998
33   67   54.8485
33   68   54.5092
33   69   52.4141
33   70   49.379
33   71   46.5857
33   72   45.1219
33   73   45.5575
33   74   47.723
33   75   50.7751
33   76   53.5254
33   77   54.9029
33   78   54.3714
33   79   52.1377
33   80   49.0716
33   81   46.367
33   82   45.0771
33   83   45.704
33   84   48.0038
33   85   51.0808
33   86   53.737
33   87   54.9381
33   88   54.2163
33   89   51.8528
33   90   48.7678
33   91   46.1627
33   92   45.0517
33   93   45.8675
33   94   48.2924
33   95   51.3823
33   96   53.9339
33   97   54.9537
33   98   54.0446
33   99   51.5606
33   100   48.4689
34   0   52.836
34   1   47.1092
34   2   42.508
34   3   40.8241
34   4   42.7131
34   5   47.4395
34   6   53.163
34   7   57.6548
34   8   59.166
34   9   57.108
34   10   52.2824
34   11   46.568
34   12   42.19
34   13   40.8531
34   14   43.0778
34   15   47.998
34   16   53.6977
34   17   57.9576
34   18   59.1189
34   19   56.7295
34   20   51.7197
34   21   46.0403
34   22   41.9027
34   23   40.9181
34   24   43.4698
34   25   48.5643
34   26   54.2178
34   27   58.229
34   28   59.0359
34   29   56.3244
34   30   51.1503
34   31   45.5282
34   32   41.6475
34   33   41.019
34   34   43.8876
34   35   49.1363
34   36   54.7213
34   37   58.4679
34   38   58.9172
34   39   55.8943
34   40   50.5763
34   41   45.0338
34   42   41.4252
34   43   41.1554
34   44   44.3296
34   45   49.7117
34   46   55.2061
34   47   58.6734
34   48   58.7633
34   49   55.441
34   50   50
34   51   44.559
34   52   41.2367
34   53   41.3266
34   54   44.7939
34   55   50.2883
34   56   55.6704
34   57   58.8446
34   58   58.5748
34   59   54.9662
34   60   49.4237
34   61   44.1057
34   62   41.0828
34   63   41.5321
34   64   45.2787
34   65   50.8637
34   66   56.1124
34   67   58.981
34   68   58.3525
34   69   54.4718
34   70   48.8497
34   71   43.6756
34   72   40.9641
34   73   41.771
34   74   45.7822
34   75   51.4357
34   76   56.5302
34   77   59.0819
34   78   58.0973
34   79   53.9597
34   80   48.2803
34   81   43.2705
34   82   40.8811
34   83   42.0424
34   84   46.3023
34   85   52.002
34   86   56.9222
34   87   59.1469
34   88   57.81
34   89   53.432
34   90   47.7176
34   91   42.892
34   92   40.834
34   93   42.3452
34   94   46.837
34   95   52.5605
34   96   57.2869
34   97   59.1759
34   98   57.492
34   99   52.8908
34   100   47.164
35   0   53.0048
35   1   46.9372
35   2   42.0622
35   3   40.278
35   4   42.2795
35   5   47.2872
35   6   53.3512
35   7   58.1103
35   8   59.7114
35   9   57.531
35   10   52.4182
35   11   46.3637
35   12   41.7252
35   13   40.3087
35   14   42.6659
35   15   47.8788
35   16   53.9177
35   17   58.4311
35   18   59.6616
35   19   57.13
35   20   51.822
35   21   45.8047
35   22   41.4209
35   23   40.3777
35   24   43.0812
35   25   48.4789
35   26   54.4688
35   27   58.7187
35   28   59.5736
35   29   56.7007
35   30   51.2187
35   31   45.2621
35   32   41.1504
35   33   40.4846
35   34   43.5239
35   35   49.0849
35   36   55.0023
35   37   58.9718
35   38   59.4479
35   39   56.2451
35   40   50.6106
35   41   44.7383
35   42   40.9149
35   43   40.629
35   44   43.9921
35   45   49.6946
35   46   55.516
35   47   59.1895
35   48   59.2848
35   49   55.7648
35   50   50
35   51   44.2352
35   52   40.7152
35   53   40.8105
35   54   44.484
35   55   50.3054
35   56   56.0079
35   57   59.371
35   58   59.0851
35   59   55.2617
35   60   49.3894
35   61   43.7549
35   62   40.5521
35   63   41.0282
35   64   44.9977
35   65   50.9151
35   66   56.4761
35   67   59.5154
35   68   58.8496
35   69   54.7379
35   70   48.7813
35   71   43.2993
35   72   40.4264
35   73   41.2813
35   74   45.5312
35   75   51.5211
35   76   56.9188
35   77   59.6223
35   78   58.5791
35   79   54.1953
35   80   48.178
35   81   42.87
35   82   40.3384
35   83   41.5689
35   84   46.0823
35   85   52.1212
35   86   57.3341
35   87   59.6913
35   88   58.2748
35   89   53.6363
35   90   47.5818
35   91   42.469
35   92   40.2886
35   93   41.8897
35   94   46.6488
35   95   52.7128
35   96   57.7205
35   97   59.722
35   98   57.9378
35   99   53.0628
35   100   46.9952
36   0   51.9697
36   1   47.9922
36   2   44.7965
36   3   43.6269
36   4   44.9389
36   5   48.2216
36   6   52.1968
36   7   55.3166
36   8   56.3662
36   9   54.9369
36   10   51.5852
36   11   47.6163
36   12   44.5756
36   13   43.647
36   14   45.1922
36   15   48.6095
36   16   52.5682
36   17   55.5269
36   18   56.3335
36   19   54.6739
36   20   51.1944
36   21   47.2498
36   22   44.3761
36   23   43.6922
36   24   45.4645
36   25   49.0028
36   26   52.9295
36   27   55.7154
36   28   56.2758
36   29   54.3926
36   30   50.7989
36   31   46.8942
36   32   44.1988
36   33   43.7623
36   34   45.7547
36   35   49.4001
36   36   53.2792
36   37   55.8813
36   38   56.1934
36   39   54.0939
36   40   50.4002
36   41   46.5508
36   42   44.0444
36   43   43.857
36   44   46.0616
36   45   49.7998
36   46   53.6159
36   47   56.0241
36   48   56.0865
36   49   53.779
36   50   50
36   51   46.221
36   52   43.9135
36   53   43.9759
36   54   46.3841
36   55   50.2002
36   56   53.9384
36   57   56.143
36   58   55.9556
36   59   53.4492
36   60   49.5998
36   61   45.9061
36   62   43.8066
36   63   44.1187
36   64   46.7208
36   65   50.5999
36   66   54.2453
36   67   56.2377
36   68   55.8012
36   69   53.1058
36   70   49.2011
36   71   45.6074
36   72   43.7242
36   73   44.2846
36   74   47.0705
36   75   50.9972
36   76   54.5355
36   77   56.3078
36   78   55.6239
36   79   52.7502
36   80   48.8056
36   81   45.3261
36   82   43.6665
36   83   44.4731
36   84   47.4318
36   85   51.3905
36   86   54.8078
36   87   56.353
36   88   55.4244
36   89   52.3837
36   90   48.4148
36   91   45.0631
36   92   43.6338
36   93   44.6834
36   94   47.8032
36   95   51.7784
36   96   55.0611
36   97   56.3731
36   98   55.2035
36   99   52.0078
36   100   48.0303
37   0   50.1456
37   1   49.8516
37   2   49.6155
37   3   49.529
37   4   49.626
37   5   49.8686
37   6   50.1623
37   7   50.3929
37   8   50.4705
37   9   50.3648
37   10   50.1171
37   11   49.8238
37   12   49.5991
37   13   49.5305
37   14   49.6447
37   15   49.8972
37   16   50.1898
37   17   50.4084
37   18   50.4681
37   19   50.3454
37   20   50.0883
37   21   49.7968
37   22   49.5844
37   23   49.5338
37   24   49.6648
37   25   49.9263
37   26   50.2165
37   27   50.4224
37   28   50.4638
37   29   50.3246
37   30   50.059
37   31   49.7705
37   32   49.5713
37   33   49.539
37   34   49.6863
37   35   49.9557
37   36   50.2423
37   37   50.4346
37   38   50.4577
37   39   50.3025
37   40   50.0296
37   41   49.7451
37   42   49.5599
37   43   49.546
37   44   49.7089
37   45   49.9852
37   46   50.2672
37   47   50.4452
37   48   50.4498
37   49   50.2793
37   50   50
37   51   49.7207
37   52   49.5502
37   53   49.5548
37   54   49.7328
37   55   50.0148
37   56   50.2911
37   57   50.454
37   58   50.4401
37   59   50.2549
37   60   49.9704
37   61   49.6975
37   62   49.5423
37   63   49.5654
37   64   49.7577
37   65   50.0443
37   66   50.3137
37   67   50.461
37   68   50.4287
37   69   50.2295
37   70   49.941
37   71   49.6754
37   72   49.5362
37   73   49.5776
37   74   49.7835
37   75   50.0737
37   76   50.3352
37   77   50.4662
37   78   50.4156
37   79   50.2032
37   80   49.9117
37   81   49.6546
37   82   49.5319
37   83   49.5916
37   84   49.8102
37   85   50.1028
37   86   50.3553
37   87   50.4695
37   88   50.4009
37   89   50.1762
37   90   49.8829
37   91   49.6352
37   92   49.5295
37   93   49.6071
37   94   49.8377
37   95   50.1314
37   96   50.374
37   97   50.471
37   98   50.3845
37   99   50.1484
37   100   49.8544
38   0   48.2631
38   1   51.7705
38   2   54.5885
38   3   55.6198
38   4   54.4629
38   5   51.5682
38   6   48.0628
38   7   45.3118
38   8   44.3863
38   9   45.6466
38   10   48.6022
38   11   52.102
38   12   54.7833
38   13   55.6021
38   14   54.2395
38   15   51.2261
38   16   47.7353
38   17   45.1263
38   18   44.4151
38   19   45.8785
38   20   48.9468
38   21   52.4251
38   22   54.9592
38   23   55.5622
38   24   53.9994
38   25   50.8793
38   26   47.4168
38   27   44.9601
38   28   44.4659
38   29   46.1266
38   30   49.2955
38   31   52.7388
38   32   55.1156
38   33   55.5004
38   34   53.7435
38   35   50.529
38   36   47.1084
38   37   44.8138
38   38   44.5386
38   39   46.39
38   40   49.6471
38   41   53.0416
38   42   55.2517
38   43   55.4169
38   44   53.4729
38   45   50.1766
38   46   46.8115
38   47   44.688
38   48   44.6329
38   49   46.6677
38   50   50
38   51   53.3323
38   52   55.3671
38   53   55.312
38   54   53.1885
38   55   49.8234
38   56   46.5271
38   57   44.5831
38   58   44.7483
38   59   46.9584
38   60   50.3529
38   61   53.61
38   62   55.4614
38   63   55.1862
38   64   52.8916
38   65   49.471
38   66   46.2565
38   67   44.4996
38   68   44.8844
38   69   47.2612
38   70   50.7045
38   71   53.8734
38   72   55.5341
38   73   55.0399
38   74   52.5832
38   75   49.1207
38   76   46.0006
38   77   44.4378
38   78   45.0408
38   79   47.5749
38   80   51.0532
38   81   54.1215
38   82   55.5849
38   83   54.8737
38   84   52.2647
38   85   48.7739
38   86   45.7605
38   87   44.3979
38   88   45.2167
38   89   47.898
38   90   51.3978
38   91   54.3534
38   92   55.6137
38   93   54.6882
38   94   51.9372
38   95   48.4318
38   96   45.5371
38   97   44.3802
38   98   45.4115
38   99   48.2295
38   100   51.7369
39   0   47.0764
39   1   52.98
39   2   57.7233
39   3   59.4592
39   4   57.5118
39   5   52.6395
39   6   46.7394
39   7   42.1089
39   8   40.5511
39   9   42.6725
39   10   47.6472
39   11   53.538
39   12   58.0511
39   13   59.4293
39   14   57.1359
39   15   52.0638
39   16   46.1882
39   17   41.7968
39   18   40.5996
39   19   43.0628
39   20   48.2272
39   21   54.0819
39   22   58.3472
39   23   59.3622
39   24   56.7317
39   25   51.48
39   26   45.652
39   27   41.517
39   28   40.6852
39   29   43.4804
39   30   48.8142
39   31   54.6098
39   32   58.6104
39   33   59.2582
39   34   56.301
39   35   50.8903
39   36   45.133
39   37   41.2707
39   38   40.8075
39   39   43.9237
39   40   49.4059
39   41   55.1195
39   42   58.8395
39   43   59.1176
39   44   55.8455
39   45   50.2972
39   46   44.6332
39   47   41.0589
39   48   40.9662
39   49   44.3911
39   50   50
39   51   55.6089
39   52   59.0338
39   53   58.9411
39   54   55.3668
39   55   49.7028
39   56   44.1545
39   57   40.8824
39   58   41.1605
39   59   44.8805
39   60   50.5941
39   61   56.0763
39   62   59.1925
39   63   58.7293
39   64   54.867
39   65   49.1097
39   66   43.699
39   67   40.7418
39   68   41.3896
39   69   45.3902
39   70   51.1858
39   71   56.5196
39   72   59.3148
39   73   58.483
39   74   54.348
39   75   48.52
39   76   43.2683
39   77   40.6378
39   78   41.6528
39   79   45.9181
39   80   51.7728
39   81   56.9372
39   82   59.4004
39   83   58.2032
39   84   53.8118
39   85   47.9362
39   86   42.8641
39   87   40.5707
39   88   41.9489
39   89   46.462
39   90   52.3528
39   91   57.3275
39   92   59.4489
39   93   57.8911
39   94   53.2606
39   95   47.3605
39   96   42.4882
39   97   40.5408
39   98   42.2767
39   99   47.02
39   100   52.9236
40   0   47.0611
40   1   52.9957
40   2   57.7638
40   3   59.5089
40   4   57.5513
40   5   52.6534
40   6   46.7223
40   7   42.0674
40   8   40.5014
40   9   42.634
40   10   47.6348
40   11   53.5566
40   12   58.0934
40   13   59.4789
40   14   57.1734
40   15   52.0747
40   16   46.1681
40   17   41.7537
40   18   40.5502
40   19   43.0263
40   20   48.2179
40   21   54.1034
40   22   58.3911
40   23   59.4114
40   24   56.7671
40   25   51.4878
40   26   45.6291
40   27   41.4724
40   28   40.6362
40   29   43.4461
40   30   48.808
40   31   54.634
40   32   58.6556
40   33   59.3069
40   34   56.3341
40   35   50.895
40   36   45.1074
40   37   41.2249
40   38   40.7592
40   39   43.8918
40   40   49.4028
40   41   55.1464
40   42   58.886
40   43   59.1656
40   44   55.8762
40   45   50.2987
40   46   44.605
40   47   41.0119
40   48   40.9187
40   49   44.3616
40   50   50
40   51   55.6384
40   52   59.0813
40   53   58.9881
40   54   55.395
40   55   49.7013
40   56   44.1238
40   57   40.8344
40   58   41.114
40   59   44.8536
40   60   50.5972
40   61   56.1082
40   62   59.2408
40   63   58.7751
40   64   54.8926
40   65   49.105
40   66   43.6659
40   67   40.6931
40   68   41.3444
40   69   45.366
40   70   51.192
40   71   56.5539
40   72   59.3638
40   73   58.5276
40   74   54.3709
40   75   48.5122
40   76   43.2329
40   77   40.5886
40   78   41.6089
40   79   45.8966
40   80   51.7821
40   81   56.9737
40   82   59.4498
40   83   58.2463
40   84   53.8319
40   85   47.9253
40   86   42.8266
40   87   40.5211
40   88   41.9066
40   89   46.4434
40   90   52.3652
40   91   57.366
40   92   59.4986
40   93   57.9326
40   94   53.2777
40   95   47.3466
40   96   42.4487
40   97   40.4911
40   98   42.2362
40   99   47.0043
40   100   52.9389
