LG19 8
 5.5 2.7 2.65 0.803723
 3.3 1.9 2.4 0.012796
 5 2.7 2.65 0.450224
 5 2.2 2.65 0.056131
 6.5 3.5 2.75 1.9259
 6 3.3 2.6 0.160257
 5.5 3.2 2.65 0.133474
 6.2 3.5 2.8 0
LE11 8
 5.5 2.7 2.65 0.257482
 3.3 1.9 2.4 0.002
 5 2.7 2.65 0.002
 5 2.2 2.65 0.0467741
 6.5 3.5 2.75 0.438064
 6 3.3 2.6 0.0409411
 5.5 3.2 2.65 0.0245161
 6.2 3.5 2.8 0
LD10 8
 5.5 2.7 2.65 0.145544
 3.3 1.9 2.4 0.002
 5 2.7 2.65 0.002
 5 2.2 2.65 0.002
 6.5 3.5 2.75 0.479096
 6 3.3 2.6 0.0674122
 5.5 3.2 2.65 0.0173998
 6.2 3.5 2.8 0
LD12 8
 5.5 2.7 2.65 0.409769
 3.3 1.9 2.4 0.000458222
 5 2.7 2.65 0.193414
 5 2.2 2.65 0.0479893
 6.5 3.5 2.75 0.321147
 6 3.3 2.6 0.0366714
 5.5 3.2 2.65 0.0327214
 6.2 3.5 2.8 0
LF16 8
 5.5 2.7 2.65 0.799525
 3.3 1.9 2.4 0.0125168
 5 2.7 2.65 0.0258522
 5 2.2 2.65 0.0581599
 6.5 3.5 2.75 0.997829
 6 3.3 2.6 0.0700341
 5.5 3.2 2.65 0.0496725
 6.2 3.5 2.8 0
LE15 8
 5.5 2.7 2.65 0.813472
 3.3 1.9 2.4 0.00717212
 5 2.7 2.65 0.171138
 5 2.2 2.65 0.0571046
 6.5 3.5 2.75 0.849084
 6 3.3 2.6 0.0560277
 5.5 3.2 2.65 0.0522981
 6.2 3.5 2.8 0
LE13 8
 5.5 2.7 2.65 0.525047
 3.3 1.9 2.4 0.00412564
 5 2.7 2.65 0.201694
 5 2.2 2.65 0.0576287
 6.5 3.5 2.75 0.5372
 6 3.3 2.6 0.0378263
 5.5 3.2 2.65 0.0330266
 6.2 3.5 2.8 0
LG21 8
 5.5 2.7 2.65 1.16536
 3.3 1.9 2.4 0.0377979
 5 2.7 2.65 0.494575
 5 2.2 2.65 0.0633336
 6.5 3.5 2.75 2.00274
 6 3.3 2.6 0.191947
 5.5 3.2 2.65 0.201137
 6.2 3.5 2.8 0
LG25 8
 5.5 2.7 2.65 1.03366
 3.3 1.9 2.4 0.0888223
 5 2.7 2.65 0.623239
 5 2.2 2.65 0.0693071
 6.5 3.5 2.75 2.34026
 6 3.3 2.6 0.208585
 5.5 3.2 2.65 0.311623
 6.2 3.5 2.8 0
LG25A 8
 5.5 2.7 2.65 1.03366
 3.3 1.9 2.4 0.0888223
 5 2.7 2.65 0.623239
 5 2.2 2.65 0.0693071
 6.5 3.5 2.75 2.34026
 6 3.3 2.6 0.208585
 5.5 3.2 2.65 0.311623
 6.2 3.5 2.8 0
MG07 8
 5.5 2.7 2.65 0.002
 3.3 1.9 2.4 0.002
 5 2.7 2.65 0.002
 5 2.2 2.65 0.002
 6.5 3.5 2.75 0.416663
 6 3.3 2.6 0.00899824
 5.5 3.2 2.65 0.00788265
 6.2 3.5 2.8 0
MG05 8
 5.5 2.7 2.65 0.002
 3.3 1.9 2.4 0.002
 5 2.7 2.65 0.002
 5 2.2 2.65 0.002
 6.5 3.5 2.75 0.237085
 6 3.3 2.6 0.0389926
 5.5 3.2 2.65 0.00600546
 6.2 3.5 2.8 0
MF14 8
 5.5 2.7 2.65 0.30025
 3.3 1.9 2.4 0.00369176
 5 2.7 2.65 0.002
 5 2.2 2.65 0.002
 6.5 3.5 2.75 0.80521
 6 3.3 2.6 0.0473421
 5.5 3.2 2.65 0.0300712
 6.2 3.5 2.8 0
LF20 8
 5.5 2.7 2.65 1.31507
 3.3 1.9 2.4 0.0428834
 5 2.7 2.65 0.455311
 5 2.2 2.65 0.0584225
 6.5 3.5 2.75 1.72164
 6 3.3 2.6 0.189413
 5.5 3.2 2.65 0.182532
 6.2 3.5 2.8 0
LH18 8
 5.5 2.7 2.65 0.304173
 3.3 1.9 2.4 0.00462573
 5 2.7 2.65 0.38736
 5 2.2 2.65 0.0631389
 6.5 3.5 2.75 2.35597
 6 3.3 2.6 0.160836
 5.5 3.2 2.65 0.118171
 6.2 3.5 2.8 0
LH20 8
 5.5 2.7 2.65 0.802389
 3.3 1.9 2.4 0.0279546
 5 2.7 2.65 0.688672
 5 2.2 2.65 0.0679229
 6.5 3.5 2.75 2.25145
 6 3.3 2.6 0.192822
 5.5 3.2 2.65 0.21283
 6.2 3.5 2.8 0
LF22 8
 5.5 2.7 2.65 1.26754
 3.3 1.9 2.4 0.0762413
 5 2.7 2.65 0.699684
 5 2.2 2.65 0.0631721
 6.5 3.5 2.75 1.81053
 6 3.3 2.6 0.220681
 5.5 3.2 2.65 0.235183
 6.2 3.5 2.8 0
LF18 8
 5.5 2.7 2.65 0.978094
 3.3 1.9 2.4 0.0133159
 5 2.7 2.65 0.424891
 5 2.2 2.65 0.0398658
 6.5 3.5 2.75 1.29884
 6 3.3 2.6 0.125424
 5.5 3.2 2.65 0.102722
 6.2 3.5 2.8 0
LD16 8
 5.5 2.7 2.65 0.819842
 3.3 1.9 2.4 0.002
 5 2.7 2.65 0.32672
 5 2.2 2.65 0.0548652
 6.5 3.5 2.75 0.920706
 6 3.3 2.6 0.0646827
 5.5 3.2 2.65 0.0830115
 6.2 3.5 2.8 0
LD18 8
 5.5 2.7 2.65 1.06169
 3.3 1.9 2.4 0.0137168
 5 2.7 2.65 0.350607
 5 2.2 2.65 0.0446217
 6.5 3.5 2.75 1.13062
 6 3.3 2.6 0.109242
 5.5 3.2 2.65 0.127679
 6.2 3.5 2.8 0
LE21 8
 5.5 2.7 2.65 1.46338
 3.3 1.9 2.4 0.0552104
 5 2.7 2.65 0.55826
 5 2.2 2.65 0.0498016
 6.5 3.5 2.75 1.4086
 6 3.3 2.6 0.207248
 5.5 3.2 2.65 0.170757
 6.2 3.5 2.8 0
LD14 8
 5.5 2.7 2.65 0.688271
 3.3 1.9 2.4 0.00330811
 5 2.7 2.65 0.195013
 5 2.2 2.65 0.0493503
 6.5 3.5 2.75 0.646425
 6 3.3 2.6 0.0351947
 5.5 3.2 2.65 0.0468511
 6.2 3.5 2.8 0
LC15 8
 5.5 2.7 2.65 0.820333
 3.3 1.9 2.4 0.00280463
 5 2.7 2.65 0.168541
 5 2.2 2.65 0.056567
 6.5 3.5 2.75 0.836243
 6 3.3 2.6 0.052927
 5.5 3.2 2.65 0.0788528
 6.2 3.5 2.8 0
LA17 8
 5.5 2.7 2.65 0.841254
 3.3 1.9 2.4 0.0198983
 5 2.7 2.65 0.323228
 5 2.2 2.65 0.050277
 6.5 3.5 2.75 0.859415
 6 3.3 2.6 0.121206
 5.5 3.2 2.65 0.192393
 6.2 3.5 2.8 0
LA19 8
 5.5 2.7 2.65 1.12215
 3.3 1.9 2.4 0.0397886
 5 2.7 2.65 0.337478
 5 2.2 2.65 0.0416412
 6.5 3.5 2.75 0.84551
 6 3.3 2.6 0.204337
 5.5 3.2 2.65 0.244946
 6.2 3.5 2.8 0
LA21 8
 5.5 2.7 2.65 1.28881
 3.3 1.9 2.4 0.0431605
 5 2.7 2.65 0.326735
 5 2.2 2.65 0.0652238
 6.5 3.5 2.75 0.711407
 6 3.3 2.6 0.196026
 5.5 3.2 2.65 0.216929
 6.2 3.5 2.8 0
LB16 8
 5.5 2.7 2.65 0.85441
 3.3 1.9 2.4 0.0183848
 5 2.7 2.65 0.202518
 5 2.2 2.65 0.0578046
 6.5 3.5 2.75 0.87169
 6 3.3 2.6 0.0673949
 5.5 3.2 2.65 0.117186
 6.2 3.5 2.8 0
LB18 8
 5.5 2.7 2.65 1.08883
 3.3 1.9 2.4 0.0274516
 5 2.7 2.65 0.179134
 5 2.2 2.65 0.0707651
 6.5 3.5 2.75 1.06979
 6 3.3 2.6 0.134702
 5.5 3.2 2.65 0.188153
 6.2 3.5 2.8 0
LB20 8
 5.5 2.7 2.65 1.24166
 3.3 1.9 2.4 0.0433931
 5 2.7 2.65 0.308156
 5 2.2 2.65 0.0594377
 6.5 3.5 2.75 1.09213
 6 3.3 2.6 0.195596
 5.5 3.2 2.65 0.205168
 6.2 3.5 2.8 0
LB22 8
 5.5 2.7 2.65 1.38998
 3.3 1.9 2.4 0.0699198
 5 2.7 2.65 0.352609
 5 2.2 2.65 0.0563733
 6.5 3.5 2.75 1.19714
 6 3.3 2.6 0.170209
 5.5 3.2 2.65 0.131473
 6.2 3.5 2.8 0
LC19 8
 5.5 2.7 2.65 1.32631
 3.3 1.9 2.4 0.0388416
 5 2.7 2.65 0.251323
 5 2.2 2.65 0.0586628
 6.5 3.5 2.75 1.21865
 6 3.3 2.6 0.177689
 5.5 3.2 2.65 0.185489
 6.2 3.5 2.8 0
LD20 8
 5.5 2.7 2.65 1.42832
 3.3 1.9 2.4 0.0383553
 5 2.7 2.65 0.357869
 5 2.2 2.65 0.0416266
 6.5 3.5 2.75 1.27596
 6 3.3 2.6 0.169526
 5.5 3.2 2.65 0.156541
 6.2 3.5 2.8 0
LC21 8
 5.5 2.7 2.65 1.48926
 3.3 1.9 2.4 0.0475792
 5 2.7 2.65 0.319307
 5 2.2 2.65 0.0482168
 6.5 3.5 2.75 1.42204
 6 3.3 2.6 0.200414
 5.5 3.2 2.65 0.117753
 6.2 3.5 2.8 0
LD22 8
 5.5 2.7 2.65 1.56548
 3.3 1.9 2.4 0.0642445
 5 2.7 2.65 0.348628
 5 2.2 2.65 0.0579561
 6.5 3.5 2.75 1.5986
 6 3.3 2.6 0.241817
 5.5 3.2 2.65 0.132035
 6.2 3.5 2.8 0
LE17 8
 5.5 2.7 2.65 1.17604
 3.3 1.9 2.4 0.0218035
 5 2.7 2.65 0.367216
 5 2.2 2.65 0.0349156
 6.5 3.5 2.75 1.01484
 6 3.3 2.6 0.109126
 5.5 3.2 2.65 0.10483
 6.2 3.5 2.8 0
LE19 8
 5.5 2.7 2.65 1.38307
 3.3 1.9 2.4 0.0366716
 5 2.7 2.65 0.503712
 5 2.2 2.65 0.041113
 6.5 3.5 2.75 1.21088
 6 3.3 2.6 0.165624
 5.5 3.2 2.65 0.152575
 6.2 3.5 2.8 0
LB24 8
 5.5 2.7 2.65 1.45435
 3.3 1.9 2.4 0.0618073
 5 2.7 2.65 0.402971
 5 2.2 2.65 0.068355
 6.5 3.5 2.75 1.21074
 6 3.3 2.6 0.160663
 5.5 3.2 2.65 0.152987
 6.2 3.5 2.8 0
LB26 8
 5.5 2.7 2.65 1.40176
 3.3 1.9 2.4 0.0676741
 5 2.7 2.65 0.379295
 5 2.2 2.65 0.0830787
 6.5 3.5 2.75 1.17183
 6 3.3 2.6 0.195925
 5.5 3.2 2.65 0.233583
 6.2 3.5 2.8 0
ND26 8
 5.5 2.7 2.65 1.35438
 3.3 1.9 2.4 0.0739393
 5 2.7 2.65 0.483355
 5 2.2 2.65 0.0925145
 6.5 3.5 2.75 1.50592
 6 3.3 2.6 0.287322
 5.5 3.2 2.65 0.371216
 6.2 3.5 2.8 0
LC25 8
 5.5 2.7 2.65 1.39103
 3.3 1.9 2.4 0.0685565
 5 2.7 2.65 0.383403
 5 2.2 2.65 0.0900586
 6.5 3.5 2.75 1.50331
 6 3.3 2.6 0.268585
 5.5 3.2 2.65 0.31248
 6.2 3.5 2.8 0
LD24 8
 5.5 2.7 2.65 1.4723
 3.3 1.9 2.4 0.0692139
 5 2.7 2.65 0.439797
 5 2.2 2.65 0.0690658
 6.5 3.5 2.75 1.67682
 6 3.3 2.6 0.272267
 5.5 3.2 2.65 0.202023
 6.2 3.5 2.8 0
LF24 8
 5.5 2.7 2.65 1.31302
 3.3 1.9 2.4 0.100353
 5 2.7 2.65 0.622562
 5 2.2 2.65 0.0698303
 6.5 3.5 2.75 1.87022
 6 3.3 2.6 0.241527
 5.5 3.2 2.65 0.266367
 6.2 3.5 2.8 0
LE25 8
 5.5 2.7 2.65 1.37119
 3.3 1.9 2.4 0.0898324
 5 2.7 2.65 0.534595
 5 2.2 2.65 0.0829475
 6.5 3.5 2.75 1.76148
 6 3.3 2.6 0.267613
 5.5 3.2 2.65 0.316549
 6.2 3.5 2.8 0
LH22 8
 5.5 2.7 2.65 0.563072
 3.3 1.9 2.4 0.0455304
 5 2.7 2.65 0.796546
 5 2.2 2.65 0.0713201
 6.5 3.5 2.75 2.77855
 6 3.3 2.6 0.190676
 5.5 3.2 2.65 0.326943
 6.2 3.5 2.8 0
LE23 8
 5.5 2.7 2.65 1.53241
 3.3 1.9 2.4 0.0813583
 5 2.7 2.65 0.379091
 5 2.2 2.65 0.0660297
 6.5 3.5 2.75 1.75896
 6 3.3 2.6 0.264379
 5.5 3.2 2.65 0.192226
 6.2 3.5 2.8 0
LH24 8
 5.5 2.7 2.65 0.658755
 3.3 1.9 2.4 0.0899108
 5 2.7 2.65 0.35422
 5 2.2 2.65 0.0646824
 6.5 3.5 2.75 2.86949
 6 3.3 2.6 0.152726
 5.5 3.2 2.65 0.407098
 6.2 3.5 2.8 0
NB28 8
 5.5 2.7 2.65 1.07777
 3.3 1.9 2.4 0.0705195
 5 2.7 2.65 0.38715
 5 2.2 2.65 0.106908
 6.5 3.5 2.75 1.40955
 6 3.3 2.6 0.244735
 5.5 3.2 2.65 0.494399
 6.2 3.5 2.8 0
NC27 8
 5.5 2.7 2.65 1.23578
 3.3 1.9 2.4 0.0734628
 5 2.7 2.65 0.375735
 5 2.2 2.65 0.102206
 6.5 3.5 2.75 1.4698
 6 3.3 2.6 0.269421
 5.5 3.2 2.65 0.468719
 6.2 3.5 2.8 0
ND28 8
 5.5 2.7 2.65 1.29422
 3.3 1.9 2.4 0.08486
 5 2.7 2.65 0.44557
 5 2.2 2.65 0.0966172
 6.5 3.5 2.75 1.61694
 6 3.3 2.6 0.235537
 5.5 3.2 2.65 0.453013
 6.2 3.5 2.8 0
NC29 8
 5.5 2.7 2.65 1.04497
 3.3 1.9 2.4 0.0727616
 5 2.7 2.65 0.378056
 5 2.2 2.65 0.10172
 6.5 3.5 2.75 1.507
 6 3.3 2.6 0.229636
 5.5 3.2 2.65 0.550986
 6.2 3.5 2.8 0
KF28 8
 5.5 2.7 2.65 1.26244
 3.3 1.9 2.4 0.117298
 5 2.7 2.65 0.54406
 5 2.2 2.65 0.100949
 6.5 3.5 2.75 1.93341
 6 3.3 2.6 0.128113
 5.5 3.2 2.65 0.318914
 6.2 3.5 2.8 0
KF30 8
 5.5 2.7 2.65 1.11505
 3.3 1.9 2.4 0.0876774
 5 2.7 2.65 0.437524
 5 2.2 2.65 0.120498
 6.5 3.5 2.75 1.74695
 6 3.3 2.6 0.0906538
 5.5 3.2 2.65 0.365172
 6.2 3.5 2.8 0
KG29 8
 5.5 2.7 2.65 1.16269
 3.3 1.9 2.4 0.0951255
 5 2.7 2.65 0.523384
 5 2.2 2.65 0.12757
 6.5 3.5 2.75 1.96787
 6 3.3 2.6 0.042627
 5.5 3.2 2.65 0.27174
 6.2 3.5 2.8 0
KJ34 8
 5.5 2.7 2.65 0.570654
 3.3 1.9 2.4 0.0429625
 5 2.7 2.65 0.191636
 5 2.2 2.65 0.140866
 6.5 3.5 2.75 2.74664
 6 3.3 2.6 0.0418469
 5.5 3.2 2.65 0.141695
 6.2 3.5 2.8 0
KH34 8
 5.5 2.7 2.65 0.858321
 3.3 1.9 2.4 0.0671364
 5 2.7 2.65 0.102844
 5 2.2 2.65 0.154722
 6.5 3.5 2.75 2.32193
 6 3.3 2.6 0.00853442
 5.5 3.2 2.65 0.205867
 6.2 3.5 2.8 0
KH26 8
 5.5 2.7 2.65 0.818423
 3.3 1.9 2.4 0.0974986
 5 2.7 2.65 0.36562
 5 2.2 2.65 0.0850381
 6.5 3.5 2.75 2.78095
 6 3.3 2.6 0.098563
 5.5 3.2 2.65 0.389256
 6.2 3.5 2.8 0
KG27 8
 5.5 2.7 2.65 1.09539
 3.3 1.9 2.4 0.12756
 5 2.7 2.65 0.51431
 5 2.2 2.65 0.0907555
 6.5 3.5 2.75 2.24136
 6 3.3 2.6 0.108221
 5.5 3.2 2.65 0.34453
 6.2 3.5 2.8 0
KI31 8
 5.5 2.7 2.65 1.02594
 3.3 1.9 2.4 0.0663137
 5 2.7 2.65 0.325296
 5 2.2 2.65 0.150211
 6.5 3.5 2.75 2.64029
 6 3.3 2.6 0.0122898
 5.5 3.2 2.65 0.193086
 6.2 3.5 2.8 0
KJ30 8
 5.5 2.7 2.65 0.810259
 3.3 1.9 2.4 0.0507491
 5 2.7 2.65 0.137889
 5 2.2 2.65 0.141025
 6.5 3.5 2.75 3.13647
 6 3.3 2.6 0.0298896
 5.5 3.2 2.65 0.174633
 6.2 3.5 2.8 0
NE31 8
 5.5 2.7 2.65 0.905987
 3.3 1.9 2.4 0.0683297
 5 2.7 2.65 0.362579
 5 2.2 2.65 0.131651
 6.5 3.5 2.75 1.5625
 6 3.3 2.6 0.0818459
 5.5 3.2 2.65 0.407192
 6.2 3.5 2.8 0
ND32 8
 5.5 2.7 2.65 0.760179
 3.3 1.9 2.4 0.0617814
 5 2.7 2.65 0.302676
 5 2.2 2.65 0.129584
 6.5 3.5 2.75 1.40668
 6 3.3 2.6 0.11303
 5.5 3.2 2.65 0.477855
 6.2 3.5 2.8 0
NE33 8
 5.5 2.7 2.65 0.701399
 3.3 1.9 2.4 0.0535991
 5 2.7 2.65 0.255075
 5 2.2 2.65 0.154726
 6.5 3.5 2.75 1.2973
 6 3.3 2.6 0.0767893
 5.5 3.2 2.65 0.382655
 6.2 3.5 2.8 0
NF32 8
 5.5 2.7 2.65 0.890809
 3.3 1.9 2.4 0.0679975
 5 2.7 2.65 0.359762
 5 2.2 2.65 0.145932
 6.5 3.5 2.75 1.68382
 6 3.3 2.6 0.0445161
 5.5 3.2 2.65 0.332233
 6.2 3.5 2.8 0
NE29 8
 5.5 2.7 2.65 1.07404
 3.3 1.9 2.4 0.0816189
 5 2.7 2.65 0.404763
 5 2.2 2.65 0.108077
 6.5 3.5 2.75 1.63548
 6 3.3 2.6 0.140893
 5.5 3.2 2.65 0.449108
 6.2 3.5 2.8 0
NE27 8
 5.5 2.7 2.65 1.35527
 3.3 1.9 2.4 0.092119
 5 2.7 2.65 0.486702
 5 2.2 2.65 0.0938215
 6.5 3.5 2.75 1.68839
 6 3.3 2.6 0.229611
 5.5 3.2 2.65 0.385357
 6.2 3.5 2.8 0
NC33 8
 5.5 2.7 2.65 0.657561
 3.3 1.9 2.4 0.0546829
 5 2.7 2.65 0.30642
 5 2.2 2.65 0.130161
 6.5 3.5 2.75 1.3483
 6 3.3 2.6 0.137625
 5.5 3.2 2.65 0.516446
 6.2 3.5 2.8 0
ND30 8
 5.5 2.7 2.65 0.947666
 3.3 1.9 2.4 0.0735065
 5 2.7 2.65 0.357534
 5 2.2 2.65 0.102605
 6.5 3.5 2.75 1.56855
 6 3.3 2.6 0.140816
 5.5 3.2 2.65 0.492146
 6.2 3.5 2.8 0
KG31 8
 5.5 2.7 2.65 0.913117
 3.3 1.9 2.4 0.0691323
 5 2.7 2.65 0.443428
 5 2.2 2.65 0.147746
 6.5 3.5 2.75 2.04082
 6 3.3 2.6 0.0164407
 5.5 3.2 2.65 0.261547
 6.2 3.5 2.8 0
KH28 8
 5.5 2.7 2.65 1.12647
 3.3 1.9 2.4 0.105249
 5 2.7 2.65 0.474813
 5 2.2 2.65 0.115755
 6.5 3.5 2.75 2.40011
 6 3.3 2.6 0.0447043
 5.5 3.2 2.65 0.280691
 6.2 3.5 2.8 0
KH30 8
 5.5 2.7 2.65 1.18793
 3.3 1.9 2.4 0.0896161
 5 2.7 2.65 0.477276
 5 2.2 2.65 0.13769
 6.5 3.5 2.75 2.30986
 6 3.3 2.6 0.0107312
 5.5 3.2 2.65 0.225419
 6.2 3.5 2.8 0
KH32 8
 5.5 2.7 2.65 1.10937
 3.3 1.9 2.4 0.0721647
 5 2.7 2.65 0.436243
 5 2.2 2.65 0.149838
 6.5 3.5 2.75 2.35521
 6 3.3 2.6 0.00577075
 5.5 3.2 2.65 0.209224
 6.2 3.5 2.8 0
KI25 8
 5.5 2.7 2.65 0.501257
 3.3 1.9 2.4 0.0524202
 5 2.7 2.65 0.527043
 5 2.2 2.65 0.0864273
 6.5 3.5 2.75 3.15116
 6 3.3 2.6 0.109909
 5.5 3.2 2.65 0.382956
 6.2 3.5 2.8 0
KI29 8
 5.5 2.7 2.65 1.16167
 3.3 1.9 2.4 0.0772244
 5 2.7 2.65 0.344067
 5 2.2 2.65 0.137035
 6.5 3.5 2.75 2.73674
 6 3.3 2.6 0.0202534
 5.5 3.2 2.65 0.218602
 6.2 3.5 2.8 0
KI33 8
 5.5 2.7 2.65 0.849894
 3.3 1.9 2.4 0.0723512
 5 2.7 2.65 0.432243
 5 2.2 2.65 0.162985
 6.5 3.5 2.75 2.20826
 6 3.3 2.6 0.0144512
 5.5 3.2 2.65 0.174566
 6.2 3.5 2.8 0
KK34 8
 5.5 2.7 2.65 0.343091
 3.3 1.9 2.4 0.0271619
 5 2.7 2.65 0.119863
 5 2.2 2.65 0.111989
 6.5 3.5 2.75 2.64602
 6 3.3 2.6 0.0822354
 5.5 3.2 2.65 0.10653
 6.2 3.5 2.8 0
KK36 8
 5.5 2.7 2.65 0.266699
 3.3 1.9 2.4 0.0234575
 5 2.7 2.65 0.155399
 5 2.2 2.65 0.0916985
 6.5 3.5 2.75 2.37914
 6 3.3 2.6 0.104228
 5.5 3.2 2.65 0.0844878
 6.2 3.5 2.8 0
KG35 8
 5.5 2.7 2.65 0.561696
 3.3 1.9 2.4 0.0302179
 5 2.7 2.65 0.215182
 5 2.2 2.65 0.114272
 6.5 3.5 2.75 1.47112
 6 3.3 2.6 0.0383303
 5.5 3.2 2.65 0.190724
 6.2 3.5 2.8 0
LF26 8
 5.5 2.7 2.65 1.17476
 3.3 1.9 2.4 0.12213
 5 2.7 2.65 0.576749
 5 2.2 2.65 0.0765559
 6.5 3.5 2.75 2.04956
 6 3.3 2.6 0.201672
 5.5 3.2 2.65 0.336672
 6.2 3.5 2.8 0
KH36 8
 5.5 2.7 2.65 0.577296
 3.3 1.9 2.4 0.047025
 5 2.7 2.65 0.160983
 5 2.2 2.65 0.13776
 6.5 3.5 2.75 2.1729
 6 3.3 2.6 0.0326399
 5.5 3.2 2.65 0.15786
 6.2 3.5 2.8 0
KJ40 8
 5.5 2.7 2.65 0.242547
 3.3 1.9 2.4 0.0200861
 5 2.7 2.65 0.0704788
 5 2.2 2.65 0.158024
 6.5 3.5 2.75 1.87599
 6 3.3 2.6 0.216541
 5.5 3.2 2.65 0.0218604
 6.2 3.5 2.8 0
KH38 8
 5.5 2.7 2.65 0.433755
 3.3 1.9 2.4 0.0469034
 5 2.7 2.65 0.256077
 5 2.2 2.65 0.138288
 6.5 3.5 2.75 1.98149
 6 3.3 2.6 0.108215
 5.5 3.2 2.65 0.0847429
 6.2 3.5 2.8 0
KI39 8
 5.5 2.7 2.65 0.394318
 3.3 1.9 2.4 0.0278436
 5 2.7 2.65 0.0808947
 5 2.2 2.65 0.168127
 6.5 3.5 2.75 1.75503
 6 3.3 2.6 0.196165
 5.5 3.2 2.65 0.0315886
 6.2 3.5 2.8 0
KI39A 8
 5.5 2.7 2.65 0.359442
 3.3 1.9 2.4 0.0298083
 5 2.7 2.65 0.16848
 5 2.2 2.65 0.162648
 6.5 3.5 2.75 1.7972
 6 3.3 2.6 0.178779
 5.5 3.2 2.65 0.0404785
 6.2 3.5 2.8 0
KI35 8
 5.5 2.7 2.65 0.751845
 3.3 1.9 2.4 0.0580676
 5 2.7 2.65 0.392073
 5 2.2 2.65 0.153695
 6.5 3.5 2.75 2.19031
 6 3.3 2.6 0.0287354
 5.5 3.2 2.65 0.143983
 6.2 3.5 2.8 0
KF34 8
 5.5 2.7 2.65 0.683054
 3.3 1.9 2.4 0.0477273
 5 2.7 2.65 0.228667
 5 2.2 2.65 0.142198
 6.5 3.5 2.75 1.54561
 6 3.3 2.6 0.0404712
 5.5 3.2 2.65 0.282267
 6.2 3.5 2.8 0
KG37 8
 5.5 2.7 2.65 0.405231
 3.3 1.9 2.4 0.0235784
 5 2.7 2.65 0.0866869
 5 2.2 2.65 0.151065
 6.5 3.5 2.75 0.903935
 6 3.3 2.6 0.11181
 5.5 3.2 2.65 0.140379
 6.2 3.5 2.8 0
KG41 8
 5.5 2.7 2.65 0.0882649
 3.3 1.9 2.4 0.0239284
 5 2.7 2.65 0.0557492
 5 2.2 2.65 0.169282
 6.5 3.5 2.75 1.37573
 6 3.3 2.6 0.20725
 5.5 3.2 2.65 0.0806174
 6.2 3.5 2.8 0
KI37 8
 5.5 2.7 2.65 0.456881
 3.3 1.9 2.4 0.0441403
 5 2.7 2.65 0.206907
 5 2.2 2.65 0.140415
 6.5 3.5 2.75 2.19759
 6 3.3 2.6 0.105891
 5.5 3.2 2.65 0.0761992
 6.2 3.5 2.8 0
KJ36 8
 5.5 2.7 2.65 0.384992
 3.3 1.9 2.4 0.0156584
 5 2.7 2.65 0.200541
 5 2.2 2.65 0.122934
 6.5 3.5 2.75 2.5075
 6 3.3 2.6 0.0757261
 5.5 3.2 2.65 0.100007
 6.2 3.5 2.8 0
KH42 8
 5.5 2.7 2.65 0.155568
 3.3 1.9 2.4 0.0167527
 5 2.7 2.65 0.0149329
 5 2.2 2.65 0.171347
 6.5 3.5 2.75 1.32759
 6 3.3 2.6 0.225834
 5.5 3.2 2.65 0.0302411
 6.2 3.5 2.8 0
KK42 8
 5.5 2.7 2.65 0.0618787
 3.3 1.9 2.4 0.0060136
 5 2.7 2.65 0.002
 5 2.2 2.65 0.138754
 6.5 3.5 2.75 1.74733
 6 3.3 2.6 0.215975
 5.5 3.2 2.65 0.0441449
 6.2 3.5 2.8 0
LOKY 8
 5.5 2.7 2.65 0.198453
 3.3 1.9 2.4 0.0177676
 5 2.7 2.65 0.601909
 5 2.2 2.65 0.0779073
 6.5 3.5 2.75 3.48624
 6 3.3 2.6 0.133443
 5.5 3.2 2.65 0.34349
 6.2 3.5 2.8 0
KI27 8
 5.5 2.7 2.65 0.917425
 3.3 1.9 2.4 0.0663676
 5 2.7 2.65 0.412219
 5 2.2 2.65 0.119359
 6.5 3.5 2.75 2.97826
 6 3.3 2.6 0.0538384
 5.5 3.2 2.65 0.294803
 6.2 3.5 2.8 0
KI41 8
 5.5 2.7 2.65 0.240578
 3.3 1.9 2.4 0.0211207
 5 2.7 2.65 0.0383352
 5 2.2 2.65 0.165187
 6.5 3.5 2.75 1.57617
 6 3.3 2.6 0.241069
 5.5 3.2 2.65 0.006
 6.2 3.5 2.8 0
KK38 8
 5.5 2.7 2.65 0.11218
 3.3 1.9 2.4 0.0176611
 5 2.7 2.65 0.103102
 5 2.2 2.65 0.117788
 6.5 3.5 2.75 2.03986
 6 3.3 2.6 0.15616
 5.5 3.2 2.65 0.0576262
 6.2 3.5 2.8 0
KK40 8
 5.5 2.7 2.65 0.0457713
 3.3 1.9 2.4 0.0114324
 5 2.7 2.65 0.0268404
 5 2.2 2.65 0.133387
 6.5 3.5 2.75 1.82977
 6 3.3 2.6 0.19295
 5.5 3.2 2.65 0.0511571
 6.2 3.5 2.8 0
SOKY 8
 5.5 2.7 2.65 0.229014
 3.3 1.9 2.4 0.0132378
 5 2.7 2.65 0.179456
 5 2.2 2.65 0.15606
 6.5 3.5 2.75 1.31774
 6 3.3 2.6 0.192067
 5.5 3.2 2.65 0.0652902
 6.2 3.5 2.8 0
KH44 8
 5.5 2.7 2.65 0.0919517
 3.3 1.9 2.4 0.0113841
 5 2.7 2.65 0.0272693
 5 2.2 2.65 0.174356
 6.5 3.5 2.75 1.36401
 6 3.3 2.6 0.232098
 5.5 3.2 2.65 0.0235179
 6.2 3.5 2.8 0
KH46 8
 5.5 2.7 2.65 0.033386
 3.3 1.9 2.4 0.00618527
 5 2.7 2.65 0.002
 5 2.2 2.65 0.156854
 6.5 3.5 2.75 1.35704
 6 3.3 2.6 0.242904
 5.5 3.2 2.65 0.0161321
 6.2 3.5 2.8 0
KI43 8
 5.5 2.7 2.65 0.131648
 3.3 1.9 2.4 0.0130041
 5 2.7 2.65 0.0449419
 5 2.2 2.65 0.154349
 6.5 3.5 2.75 1.51396
 6 3.3 2.6 0.245143
 5.5 3.2 2.65 0.00763379
 6.2 3.5 2.8 0
KI45 8
 5.5 2.7 2.65 0.0506584
 3.3 1.9 2.4 0.0130752
 5 2.7 2.65 0.002
 5 2.2 2.65 0.160472
 6.5 3.5 2.75 1.40394
 6 3.3 2.6 0.245702
 5.5 3.2 2.65 0.0100814
 6.2 3.5 2.8 0
KJ46 8
 5.5 2.7 2.65 0.0490372
 3.3 1.9 2.4 0.0105723
 5 2.7 2.65 0.0220549
 5 2.2 2.65 0.139516
 6.5 3.5 2.75 1.51772
 6 3.3 2.6 0.238997
 5.5 3.2 2.65 0.0242972
 6.2 3.5 2.8 0
NC31 8
 5.5 2.7 2.65 0.804939
 3.3 1.9 2.4 0.0619979
 5 2.7 2.65 0.342675
 5 2.2 2.65 0.099175
 6.5 3.5 2.75 1.45598
 6 3.3 2.6 0.173102
 5.5 3.2 2.65 0.572187
 6.2 3.5 2.8 0
WCI 8
 5.5 2.7 2.65 0.337089
 3.3 1.9 2.4 0.0310887
 5 2.7 2.65 0.106796
 5 2.2 2.65 0.188721
 6.5 3.5 2.75 0.933192
 6 3.3 2.6 0.163717
 5.5 3.2 2.65 0.304678
 6.2 3.5 2.8 0
BLO 8
 5.5 2.7 2.65 0.25997
 3.3 1.9 2.4 0.0370249
 5 2.7 2.65 0.153152
 5 2.2 2.65 0.139207
 6.5 3.5 2.75 0.818045
 6 3.3 2.6 0.239073
 5.5 3.2 2.65 0.414044
 6.2 3.5 2.8 0
PBMO 8
 5.5 2.7 2.65 0.002
 3.3 1.9 2.4 0.002
 5 2.7 2.65 0.002
 5 2.2 2.65 0.002
 6.5 3.5 2.75 0.774439
 6 3.3 2.6 0.120947
 5.5 3.2 2.65 0.156196
 6.2 3.5 2.8 0
USIN 8
 5.5 2.7 2.65 1.30777
 3.3 1.9 2.4 0.0915991
 5 2.7 2.65 0.467851
 5 2.2 2.65 0.100296
 6.5 3.5 2.75 1.6778
 6 3.3 2.6 0.20077
 5.5 3.2 2.65 0.406723
 6.2 3.5 2.8 0
OLIL 8
 5.5 2.7 2.65 1.48661
 3.3 1.9 2.4 0.054386
 5 2.7 2.65 0.255608
 5 2.2 2.65 0.0813022
 6.5 3.5 2.75 0.8891
 6 3.3 2.6 0.149029
 5.5 3.2 2.65 0.218323
 6.2 3.5 2.8 0
Q43A 8
 5.5 2.7 2.65 0.493567
 3.3 1.9 2.4 0.0367559
 5 2.7 2.65 0.136145
 5 2.2 2.65 0.0531339
 6.5 3.5 2.75 0.769334
 6 3.3 2.6 0.0496049
 5.5 3.2 2.65 0.0382205
 6.2 3.5 2.8 0
Q44A 8
 5.5 2.7 2.65 0.85246
 3.3 1.9 2.4 0.034584
 5 2.7 2.65 0.246294
 5 2.2 2.65 0.0613676
 6.5 3.5 2.75 0.797399
 6 3.3 2.6 0.15758
 5.5 3.2 2.65 0.287166
 6.2 3.5 2.8 0
Q45A 8
 5.5 2.7 2.65 1.43298
 3.3 1.9 2.4 0.0489918
 5 2.7 2.65 0.14165
 5 2.2 2.65 0.0790383
 6.5 3.5 2.75 0.873588
 6 3.3 2.6 0.157756
 5.5 3.2 2.65 0.278121
 6.2 3.5 2.8 0
Q46A 8
 5.5 2.7 2.65 0.713999
 3.3 1.9 2.4 0.0384402
 5 2.7 2.65 0.273375
 5 2.2 2.65 0.0918892
 6.5 3.5 2.75 0.892926
 6 3.3 2.6 0.246136
 5.5 3.2 2.65 0.524764
 6.2 3.5 2.8 0
Q47A 8
 5.5 2.7 2.65 0.225142
 3.3 1.9 2.4 0.0360165
 5 2.7 2.65 0.103244
 5 2.2 2.65 0.166403
 6.5 3.5 2.75 0.918843
 6 3.3 2.6 0.241545
 5.5 3.2 2.65 0.372727
 6.2 3.5 2.8 0
Q48A 8
 5.5 2.7 2.65 0.0141396
 3.3 1.9 2.4 0.002
 5 2.7 2.65 0.0612199
 5 2.2 2.65 0.236987
 6.5 3.5 2.75 0.780488
 6 3.3 2.6 0.214116
 5.5 3.2 2.65 0.247784
 6.2 3.5 2.8 0
R43A 8
 5.5 2.7 2.65 0.409022
 3.3 1.9 2.4 0.00490314
 5 2.7 2.65 0.131338
 5 2.2 2.65 0.0453547
 6.5 3.5 2.75 0.44447
 6 3.3 2.6 0.047489
 5.5 3.2 2.65 0.0423442
 6.2 3.5 2.8 0
R44A 8
 5.5 2.7 2.65 1.12659
 3.3 1.9 2.4 0.0197499
 5 2.7 2.65 0.336366
 5 2.2 2.65 0.0517219
 6.5 3.5 2.75 1.13284
 6 3.3 2.6 0.122532
 5.5 3.2 2.65 0.149207
 6.2 3.5 2.8 0
R45A 8
 5.5 2.7 2.65 1.51754
 3.3 1.9 2.4 0.0595306
 5 2.7 2.65 0.374496
 5 2.2 2.65 0.0640605
 6.5 3.5 2.75 1.55749
 6 3.3 2.6 0.226539
 5.5 3.2 2.65 0.139971
 6.2 3.5 2.8 0
R46A 8
 5.5 2.7 2.65 1.097
 3.3 1.9 2.4 0.0763859
 5 2.7 2.65 0.387093
 5 2.2 2.65 0.0984254
 6.5 3.5 2.75 1.55818
 6 3.3 2.6 0.221802
 5.5 3.2 2.65 0.536907
 6.2 3.5 2.8 0
R47A 8
 5.5 2.7 2.65 0.461528
 3.3 1.9 2.4 0.0372209
 5 2.7 2.65 0.153969
 5 2.2 2.65 0.181211
 6.5 3.5 2.75 1.07168
 6 3.3 2.6 0.150019
 5.5 3.2 2.65 0.375386
 6.2 3.5 2.8 0
R48A 8
 5.5 2.7 2.65 0.120566
 3.3 1.9 2.4 0.0321948
 5 2.7 2.65 0.0792543
 5 2.2 2.65 0.187963
 6.5 3.5 2.75 0.988176
 6 3.3 2.6 0.217985
 5.5 3.2 2.65 0.252671
 6.2 3.5 2.8 0
S44A 8
 5.5 2.7 2.65 0.464119
 3.3 1.9 2.4 0.00461939
 5 2.7 2.65 0.456853
 5 2.2 2.65 0.0490386
 6.5 3.5 2.75 1.53343
 6 3.3 2.6 0.114562
 5.5 3.2 2.65 0.0800017
 6.2 3.5 2.8 0
S45A 8
 5.5 2.7 2.65 1.05647
 3.3 1.9 2.4 0.070683
 5 2.7 2.65 0.660709
 5 2.2 2.65 0.0686932
 6.5 3.5 2.75 2.24122
 6 3.3 2.6 0.209019
 5.5 3.2 2.65 0.2757
 6.2 3.5 2.8 0
S46A 8
 5.5 2.7 2.65 1.20338
 3.3 1.9 2.4 0.118039
 5 2.7 2.65 0.610584
 5 2.2 2.65 0.109327
 6.5 3.5 2.75 2.0065
 6 3.3 2.6 0.0815437
 5.5 3.2 2.65 0.293883
 6.2 3.5 2.8 0
S47A 8
 5.5 2.7 2.65 0.767007
 3.3 1.9 2.4 0.0568439
 5 2.7 2.65 0.002
 5 2.2 2.65 0.002
 6.5 3.5 2.75 2.41109
 6 3.3 2.6 0.0136465
 5.5 3.2 2.65 0.220247
 6.2 3.5 2.8 0
S48A 8
 5.5 2.7 2.65 0.248561
 3.3 1.9 2.4 0.0265796
 5 2.7 2.65 0.186715
 5 2.2 2.65 0.16379
 6.5 3.5 2.75 1.01484
 6 3.3 2.6 0.167806
 5.5 3.2 2.65 0.107176
 6.2 3.5 2.8 0
T46A 8
 5.5 2.7 2.65 0.556229
 3.3 1.9 2.4 0.0337603
 5 2.7 2.65 0.002
 5 2.2 2.65 0.0460977
 6.5 3.5 2.75 3.98561
 6 3.3 2.6 0.0624687
 5.5 3.2 2.65 0.249305
 6.2 3.5 2.8 0
T47A 8
 5.5 2.7 2.65 0.553233
 3.3 1.9 2.4 0.0256435
 5 2.7 2.65 0.193773
 5 2.2 2.65 0.136078
 6.5 3.5 2.75 2.96538
 6 3.3 2.6 0.0495042
 5.5 3.2 2.65 0.144076
 6.2 3.5 2.8 0
T48A 8
 5.5 2.7 2.65 0.330056
 3.3 1.9 2.4 0.0292692
 5 2.7 2.65 0.162624
 5 2.2 2.65 0.122457
 6.5 3.5 2.75 2.27767
 6 3.3 2.6 0.120982
 5.5 3.2 2.65 0.0665217
 6.2 3.5 2.8 0
U42A 8
 5.5 2.7 2.65 0.002
 3.3 1.9 2.4 0.002
 5 2.7 2.65 0.002
 5 2.2 2.65 0.002
 6.5 3.5 2.75 2.0014
 6 3.3 2.6 0.121119
 5.5 3.2 2.65 0.398361
 6.2 3.5 2.8 0
U43A 8
 5.5 2.7 2.65 0.002
 3.3 1.9 2.4 0.002
 5 2.7 2.65 0.002
 5 2.2 2.65 0.002
 6.5 3.5 2.75 2.0268
 6 3.3 2.6 0.132045
 5.5 3.2 2.65 0.451182
 6.2 3.5 2.8 0
U44A 8
 5.5 2.7 2.65 0.002
 3.3 1.9 2.4 0.002
 5 2.7 2.65 0.002
 5 2.2 2.65 0.002
 6.5 3.5 2.75 1.32045
 6 3.3 2.6 0.114613
 5.5 3.2 2.65 0.129667
 6.2 3.5 2.8 0
U47A 8
 5.5 2.7 2.65 0.128956
 3.3 1.9 2.4 0.0200947
 5 2.7 2.65 0.111433
 5 2.2 2.65 0.0984553
 6.5 3.5 2.75 2.40112
 6 3.3 2.6 0.138803
 5.5 3.2 2.65 0.0707546
 6.2 3.5 2.8 0
U48A 8
 5.5 2.7 2.65 0.0487891
 3.3 1.9 2.4 0.0106857
 5 2.7 2.65 0.0438663
 5 2.2 2.65 0.110163
 6.5 3.5 2.75 1.66531
 6 3.3 2.6 0.157386
 5.5 3.2 2.65 0.0736395
 6.2 3.5 2.8 0
U49A 8
 5.5 2.7 2.65 0.0312772
 3.3 1.9 2.4 0.00723874
 5 2.7 2.65 0.002
 5 2.2 2.65 0.0559051
 6.5 3.5 2.75 1.56518
 6 3.3 2.6 0.142052
 5.5 3.2 2.65 0.10897
 6.2 3.5 2.8 0
P43A 8
 5.5 2.7 2.65 0.493659
 3.3 1.9 2.4 0.0570225
 5 2.7 2.65 0.0581166
 5 2.2 2.65 0.0625529
 6.5 3.5 2.75 0.774295
 6 3.3 2.6 0.104472
 5.5 3.2 2.65 0.292747
 6.2 3.5 2.8 0
P46A 8
 5.5 2.7 2.65 0.400094
 3.3 1.9 2.4 0.0330067
 5 2.7 2.65 0.173379
 5 2.2 2.65 0.101751
 6.5 3.5 2.75 0.827792
 6 3.3 2.6 0.264628
 5.5 3.2 2.65 0.56494
 6.2 3.5 2.8 0
P48A 8
 5.5 2.7 2.65 0.002
 3.3 1.9 2.4 0.002
 5 2.7 2.65 0.0310077
 5 2.2 2.65 0.232378
 6.5 3.5 2.75 0.691316
 6 3.3 2.6 0.164909
 5.5 3.2 2.65 0.227913
 6.2 3.5 2.8 0
Q44B 8
 5.5 2.7 2.65 0.85246
 3.3 1.9 2.4 0.034584
 5 2.7 2.65 0.246294
 5 2.2 2.65 0.0613676
 6.5 3.5 2.75 0.797399
 6 3.3 2.6 0.15758
 5.5 3.2 2.65 0.287166
 6.2 3.5 2.8 0
